-2.000000000000000000e+00 1.008130495096299555e-03 5.127933558358237567e-03
-1.800000000000000044e+00 2.348905385075756962e-03 5.127933558358237567e-03
-1.600000000000000089e+00 -1.564985482054979341e-03 5.127933558358237567e-03
-1.400000000000000133e+00 -6.906003262203768648e-04 5.127933558358237567e-03
-1.200000000000000178e+00 5.590236560408006622e-03 5.127933558358237567e-03
-1.000000000000000000e+00 2.416374743607081505e-03 5.127933558358237567e-03
-9.799999999999999822e-01 3.428528254579721584e-03 5.127933558358237567e-03
-9.599999999999999645e-01 1.128231031096907366e-02 5.127933558358237567e-03
-9.399999999999999467e-01 -3.069299398576716929e-03 5.127933558358237567e-03
-9.199999999999999289e-01 -4.171557694267954107e-03 5.127933558358237567e-03
-8.999999999999999112e-01 -3.606696781662011974e-03 5.127933558358237567e-03
-8.799999999999998934e-01 2.344106921168955231e-03 5.127933558358237567e-03
-8.599999999999998757e-01 4.349251543788405089e-03 5.127933558358237567e-03
-8.399999999999998579e-01 -3.550021616329480066e-03 5.127933558358237567e-03
-8.199999999999998401e-01 -7.661373784971221672e-03 5.127933558358237567e-03
-7.999999999999998224e-01 1.646600585701853570e-03 5.127933558358237567e-03
-7.799999999999998046e-01 -8.453738183150993207e-03 5.127933558358237567e-03
-7.599999999999997868e-01 -4.971607090524136213e-03 5.127933558358237567e-03
-7.399999999999997691e-01 3.274301512884431400e-03 5.127933558358237567e-03
-7.199999999999997513e-01 9.450699603719178721e-03 5.127933558358237567e-03
-6.999999999999997335e-01 -2.327242526158939534e-03 5.127933558358237567e-03
-6.799999999999997158e-01 1.565244652417048694e-03 5.127933558358237567e-03
-6.599999999999996980e-01 3.297922833383362326e-03 5.127933558358237567e-03
-6.399999999999996803e-01 2.867599685951696675e-03 5.127933558358237567e-03
-6.199999999999996625e-01 4.950870272475164403e-03 5.127933558358237567e-03
-5.999999999999996447e-01 1.765301084118236401e-03 5.127933558358237567e-03
-5.799999999999996270e-01 -9.856231169052251384e-03 5.127933558358237567e-03
-5.599999999999996092e-01 -7.668014872521421339e-03 5.127933558358237567e-03
-5.399999999999995914e-01 -6.584410758760370248e-03 5.127933558358237567e-03
-5.199999999999995737e-01 1.766990040209960111e-03 5.127933558358237567e-03
-4.999999999999995559e-01 2.844689340051304461e-03 5.127933558358237567e-03
-4.799999999999995381e-01 1.735587276104507120e-03 5.127933558358237567e-03
-4.599999999999995204e-01 3.958859521876485939e-03 5.127933558358237567e-03
-4.399999999999995026e-01 6.870514209768882694e-04 5.127933558358237567e-03
-4.199999999999994849e-01 -3.971073120662778691e-03 5.127933558358237567e-03
-3.999999999999994671e-01 -4.964049262332537529e-03 5.127933558358237567e-03
-3.799999999999994493e-01 1.731111153003099794e-03 5.127933558358237567e-03
-3.599999999999994316e-01 -6.377492280703453333e-04 5.127933558358237567e-03
-3.399999999999994138e-01 1.712679907162369033e-03 5.127933558358237567e-03
-3.199999999999993960e-01 -1.277589970799795135e-03 5.127933558358237567e-03
-2.999999999999993783e-01 -5.188051603074853892e-03 5.127933558358237567e-03
-2.799999999999993605e-01 -5.288987941589815001e-03 5.127933558358237567e-03
-2.599999999999993427e-01 -1.699115759305875510e-03 5.127933558358237567e-03
-2.399999999999993250e-01 -5.803447440335739865e-03 5.127933558358237567e-03
-2.199999999999993072e-01 -1.632087848103953766e-03 5.127933558358237567e-03
-1.999999999999992895e-01 -1.485164442044526953e-02 5.127933558358237567e-03
-1.799999999999992717e-01 -6.773337838989292037e-03 5.127933558358237567e-03
-1.599999999999992539e-01 4.745372264633191534e-03 5.127933558358237567e-03
-1.399999999999992362e-01 6.796818736358313344e-03 5.127933558358237567e-03
-1.199999999999992184e-01 -7.611228634163394371e-04 5.127933558358237567e-03
-9.999999999999920064e-02 -3.474489094784143951e-03 5.127933558358237567e-03
-7.999999999999918288e-02 3.187203307514844750e-03 5.127933558358237567e-03
-5.999999999999916511e-02 4.124327566126541160e-03 5.127933558358237567e-03
-3.999999999999914735e-02 2.796010617496608869e-02 5.127933558358237567e-03
-1.999999999999912959e-02 4.407023696474775959e-02 5.127933558358237567e-03
8.881784197001252323e-16 1.258196161785725409e-01 5.127933558358237567e-03
2.000000000000090594e-02 2.294269366334230065e-01 5.127933558358237567e-03
4.000000000000092371e-02 4.066911790535575610e-01 5.127933558358237567e-03
6.000000000000094147e-02 5.890013146413628498e-01 5.127933558358237567e-03
8.000000000000095923e-02 7.610941126803703050e-01 5.127933558358237567e-03
1.000000000000009770e-01 8.662653687705846872e-01 5.127933558358237567e-03
1.200000000000009948e-01 9.361376785620960650e-01 5.127933558358237567e-03
1.400000000000010125e-01 9.620717029901123540e-01 5.127933558358237567e-03
1.600000000000010303e-01 9.639717174851053505e-01 5.127933558358237567e-03
1.800000000000010481e-01 9.740988108583304994e-01 5.127933558358237567e-03
2.000000000000010658e-01 9.752880955526205264e-01 5.127933558358237567e-03
2.200000000000010836e-01 9.847482577521736724e-01 5.127933558358237567e-03
2.400000000000011013e-01 9.992796539950226098e-01 5.127933558358237567e-03
2.600000000000011191e-01 1.015801112138440709e+00 5.127933558358237567e-03
2.800000000000011369e-01 1.019619475474664139e+00 5.127933558358237567e-03
3.000000000000011546e-01 1.028610861854162284e+00 5.127933558358237567e-03
3.200000000000011724e-01 1.026746154025123925e+00 5.127933558358237567e-03
3.400000000000011902e-01 1.021130915251908133e+00 5.127933558358237567e-03
3.600000000000012079e-01 1.017577375834858078e+00 5.127933558358237567e-03
3.800000000000012257e-01 1.007713343813703366e+00 5.127933558358237567e-03
4.000000000000012434e-01 9.948080649027239986e-01 5.127933558358237567e-03
4.200000000000012612e-01 9.867680238533856896e-01 5.127933558358237567e-03
4.400000000000012790e-01 9.760428219060147681e-01 5.127933558358237567e-03
4.600000000000012967e-01 9.722457996165840832e-01 5.127933558358237567e-03
4.800000000000013145e-01 9.840818820166029601e-01 5.127933558358237567e-03
5.000000000000013323e-01 9.800125741778896726e-01 5.127933558358237567e-03
5.200000000000013500e-01 9.987064235327274275e-01 5.127933558358237567e-03
5.400000000000013678e-01 9.890060069849402336e-01 5.127933558358237567e-03
5.600000000000013856e-01 1.002068743148768037e+00 5.127933558358237567e-03
5.800000000000014033e-01 1.021080144785740718e+00 5.127933558358237567e-03
6.000000000000014211e-01 1.017014786743540400e+00 5.127933558358237567e-03
6.200000000000014388e-01 1.015587249037620543e+00 5.127933558358237567e-03
6.400000000000014566e-01 1.009542460254105212e+00 5.127933558358237567e-03
6.600000000000014744e-01 1.008407946122109822e+00 5.127933558358237567e-03
6.800000000000014921e-01 9.991015530164085723e-01 5.127933558358237567e-03
7.000000000000015099e-01 9.919722802217363355e-01 5.127933558358237567e-03
7.200000000000015277e-01 9.854906504458497141e-01 5.127933558358237567e-03
7.400000000000015454e-01 9.950319031122394353e-01 5.127933558358237567e-03
7.600000000000015632e-01 9.733536849535078250e-01 5.127933558358237567e-03
7.800000000000015810e-01 9.772647600531316758e-01 5.127933558358237567e-03
8.000000000000015987e-01 9.873897576375092466e-01 5.127933558358237567e-03
8.200000000000016165e-01 9.961353131102138603e-01 5.127933558358237567e-03
8.400000000000016342e-01 9.946667249892940932e-01 5.127933558358237567e-03
8.600000000000016520e-01 9.973732620631827750e-01 5.127933558358237567e-03
8.800000000000016698e-01 1.006251104949338560e+00 5.127933558358237567e-03
9.000000000000016875e-01 1.011947728449052342e+00 5.127933558358237567e-03
9.200000000000017053e-01 1.020113747346749866e+00 5.127933558358237567e-03
9.400000000000017231e-01 1.016362496266894677e+00 5.127933558358237567e-03
9.600000000000017408e-01 1.010287344639487994e+00 5.127933558358237567e-03
9.800000000000017586e-01 1.002452365248611033e+00 5.127933558358237567e-03
1.000000000000000000e+00 1.000975322982704308e+00 5.127933558358237567e-03
1.199999999999999956e+00 1.009645099140120905e+00 5.127933558358237567e-03
1.399999999999999911e+00 9.927319019488279883e-01 5.127933558358237567e-03
1.599999999999999867e+00 9.898950622918726294e-01 5.127933558358237567e-03
1.799999999999999822e+00 1.013380793739173003e+00 5.127933558358237567e-03
1.999999999999999778e+00 9.982011825634462543e-01 5.127933558358237567e-03
2.199999999999999734e+00 1.000185313509726948e+00 5.127933558358237567e-03
2.399999999999999467e+00 1.011829749992368521e+00 5.127933558358237567e-03
2.599999999999999645e+00 1.001627669574718382e+00 5.127933558358237567e-03
2.799999999999999822e+00 1.009325508978632158e+00 5.127933558358237567e-03
2.999999999999999556e+00 1.002068909331240487e+00 5.127933558358237567e-03
3.199999999999999289e+00 9.970536180375614288e-01 5.127933558358237567e-03
3.399999999999999467e+00 9.982768581551465514e-01 5.127933558358237567e-03
3.599999999999999645e+00 9.944602246421461178e-01 5.127933558358237567e-03
3.799999999999999378e+00 1.003893341244957105e+00 5.127933558358237567e-03
3.999999999999999112e+00 9.950591005802308375e-01 5.127933558358237567e-03
4.199999999999999289e+00 1.010653754701649865e+00 5.127933558358237567e-03
4.399999999999999467e+00 1.003237488944199063e+00 5.127933558358237567e-03
4.599999999999999645e+00 9.881395249109511392e-01 5.127933558358237567e-03
4.799999999999998934e+00 1.006416324160179787e+00 5.127933558358237567e-03
5.000000000000000000e+00 1.004433110412359831e+00 5.127933558358237567e-03
6.000000000000000000e+00 9.935772869496249937e-01 5.127933558358237567e-03
7.000000000000000000e+00 9.979510045695225706e-01 5.127933558358237567e-03
8.000000000000000000e+00 1.016539583298738725e+00 5.127933558358237567e-03
9.000000000000000000e+00 1.004405008200165872e+00 5.127933558358237567e-03
1.000000000000000000e+01 9.980462330895490952e-01 5.127933558358237567e-03
2.000000000000000000e+01 9.988469603564803512e-01 5.127933558358237567e-03
3.000000000000000000e+01 9.794618451877701304e-01 5.127933558358237567e-03
4.000000000000000000e+01 9.661888678804980701e-01 5.127933558358237567e-03
5.000000000000000000e+01 9.685176358637040961e-01 5.127933558358237567e-03
6.000000000000000000e+01 9.496578172062054568e-01 5.127933558358237567e-03
7.000000000000000000e+01 9.353775870612206500e-01 5.127933558358237567e-03
8.000000000000000000e+01 9.350024008635073880e-01 5.127933558358237567e-03
9.000000000000000000e+01 9.257554879128808700e-01 5.127933558358237567e-03
1.000000000000000000e+02 9.146756310812894641e-01 5.127933558358237567e-03
2.000000000000000000e+02 8.242516788050950893e-01 5.127933558358237567e-03
3.000000000000000000e+02 7.573019014396823456e-01 5.127933558358237567e-03
4.000000000000000000e+02 6.876370962461522129e-01 5.127933558358237567e-03
5.000000000000000000e+02 6.152174498339783026e-01 5.127933558358237567e-03
6.000000000000000000e+02 5.552580226346933712e-01 5.127933558358237567e-03
7.000000000000000000e+02 5.020679504618072997e-01 5.127933558358237567e-03
8.000000000000000000e+02 4.563964907877925969e-01 5.127933558358237567e-03
9.000000000000000000e+02 4.041528436525219092e-01 5.127933558358237567e-03
1.000000000000000000e+03 3.638541872684373235e-01 5.127933558358237567e-03
2.000000000000000000e+03 1.397067127952717203e-01 5.127933558358237567e-03
