-2.000000000000000000e+00 1.126810121524058836e-02 4.760134369736878333e-03
-1.800000000000000044e+00 4.687998461220938690e-03 4.760134369736878333e-03
-1.600000000000000089e+00 -1.436767916674012340e-03 4.760134369736878333e-03
-1.400000000000000133e+00 -1.012875885845510027e-02 4.760134369736878333e-03
-1.200000000000000178e+00 4.362780947163727246e-04 4.760134369736878333e-03
-1.000000000000000000e+00 7.805399156202623076e-03 4.760134369736878333e-03
-9.799999999999999822e-01 -7.858877971119056487e-04 4.760134369736878333e-03
-9.599999999999999645e-01 -5.469115620502586900e-03 4.760134369736878333e-03
-9.399999999999999467e-01 5.065566908185735462e-03 4.760134369736878333e-03
-9.199999999999999289e-01 -6.574913251198963478e-04 4.760134369736878333e-03
-8.999999999999999112e-01 -1.794079678861327685e-03 4.760134369736878333e-03
-8.799999999999998934e-01 2.216639463581781752e-03 4.760134369736878333e-03
-8.599999999999998757e-01 -1.609102142906805154e-03 4.760134369736878333e-03
-8.399999999999998579e-01 2.319232717188818814e-03 4.760134369736878333e-03
-8.199999999999998401e-01 7.404129122981624629e-03 4.760134369736878333e-03
-7.999999999999998224e-01 7.255803870178403198e-03 4.760134369736878333e-03
-7.799999999999998046e-01 2.410267787602074063e-03 4.760134369736878333e-03
-7.599999999999997868e-01 -1.132546073287952343e-02 4.760134369736878333e-03
-7.399999999999997691e-01 -1.543606807732567131e-03 4.760134369736878333e-03
-7.199999999999997513e-01 -1.090888619060247870e-03 4.760134369736878333e-03
-6.999999999999997335e-01 -7.261030769325662985e-04 4.760134369736878333e-03
-6.799999999999997158e-01 -2.732467246063023398e-03 4.760134369736878333e-03
-6.599999999999996980e-01 6.714038746998088683e-03 4.760134369736878333e-03
-6.399999999999996803e-01 2.064746402424533483e-04 4.760134369736878333e-03
-6.199999999999996625e-01 1.531564413117543228e-03 4.760134369736878333e-03
-5.999999999999996447e-01 -9.595642657614054938e-03 4.760134369736878333e-03
-5.799999999999996270e-01 3.290090493806056230e-03 4.760134369736878333e-03
-5.599999999999996092e-01 4.608430318081897792e-03 4.760134369736878333e-03
-5.399999999999995914e-01 -5.384934111062598429e-03 4.760134369736878333e-03
-5.199999999999995737e-01 -2.059671692533465368e-03 4.760134369736878333e-03
-4.999999999999995559e-01 -2.861583039163557930e-04 4.760134369736878333e-03
-4.799999999999995381e-01 -5.236023558699704795e-03 4.760134369736878333e-03
-4.599999999999995204e-01 4.008402313264076457e-03 4.760134369736878333e-03
-4.399999999999995026e-01 -2.463676153666106354e-04 4.760134369736878333e-03
-4.199999999999994849e-01 1.721846243058453105e-03 4.760134369736878333e-03
-3.999999999999994671e-01 -5.251909583271240252e-03 4.760134369736878333e-03
-3.799999999999994493e-01 1.528356926573552505e-03 4.760134369736878333e-03
-3.599999999999994316e-01 6.146539774929618213e-03 4.760134369736878333e-03
-3.399999999999994138e-01 -6.830724007904229178e-03 4.760134369736878333e-03
-3.199999999999993960e-01 -6.658826857800267084e-03 4.760134369736878333e-03
-2.999999999999993783e-01 5.158428859221667615e-04 4.760134369736878333e-03
-2.799999999999993605e-01 -6.578283271063416378e-04 4.760134369736878333e-03
-2.599999999999993427e-01 -4.930698915880008079e-05 4.760134369736878333e-03
-2.399999999999993250e-01 3.156199891947522075e-03 4.760134369736878333e-03
-2.199999999999993072e-01 -6.881480402740582786e-03 4.760134369736878333e-03
-1.999999999999992895e-01 -6.676635621188429896e-03 4.760134369736878333e-03
-1.799999999999992717e-01 -3.155779566821098787e-03 4.760134369736878333e-03
-1.599999999999992539e-01 2.659225776821576986e-03 4.760134369736878333e-03
-1.399999999999992362e-01 -7.749318053065276830e-03 4.760134369736878333e-03
-1.199999999999992184e-01 3.482147959327469566e-03 4.760134369736878333e-03
-9.999999999999920064e-02 1.099467650250044587e-02 4.760134369736878333e-03
-7.999999999999918288e-02 3.424228834608805325e-03 4.760134369736878333e-03
-5.999999999999916511e-02 2.474298957671846114e-02 4.760134369736878333e-03
-3.999999999999914735e-02 5.926679760554313253e-02 4.760134369736878333e-03
-1.999999999999912959e-02 1.237561451088254466e-01 4.760134369736878333e-03
8.881784197001252323e-16 2.067636387434838297e-01 4.760134369736878333e-03
2.000000000000090594e-02 3.195169651800625621e-01 4.760134369736878333e-03
4.000000000000092371e-02 4.115349882561031292e-01 4.760134369736878333e-03
6.000000000000094147e-02 4.852499750211065055e-01 4.760134369736878333e-03
8.000000000000095923e-02 5.287798117807125386e-01 4.760134369736878333e-03
1.000000000000009770e-01 5.354280741393471210e-01 4.760134369736878333e-03
1.200000000000009948e-01 5.262413744809382177e-01 4.760134369736878333e-03
1.400000000000010125e-01 5.271616799620768568e-01 4.760134369736878333e-03
1.600000000000010303e-01 5.277554497128573718e-01 4.760134369736878333e-03
1.800000000000010481e-01 5.160414882653877600e-01 4.760134369736878333e-03
2.000000000000010658e-01 5.078823117691106948e-01 4.760134369736878333e-03
2.200000000000010836e-01 4.944714339827904759e-01 4.760134369736878333e-03
2.400000000000011013e-01 4.788845989880047838e-01 4.760134369736878333e-03
2.600000000000011191e-01 4.783423989768068596e-01 4.760134369736878333e-03
2.800000000000011369e-01 4.695945690572369546e-01 4.760134369736878333e-03
3.000000000000011546e-01 4.614720028807149377e-01 4.760134369736878333e-03
3.200000000000011724e-01 4.525307882818098149e-01 4.760134369736878333e-03
3.400000000000011902e-01 4.505911143525441198e-01 4.760134369736878333e-03
3.600000000000012079e-01 4.493900589402738954e-01 4.760134369736878333e-03
3.800000000000012257e-01 4.308466252513038497e-01 4.760134369736878333e-03
4.000000000000012434e-01 4.210671133933187593e-01 4.760134369736878333e-03
4.200000000000012612e-01 4.145703610219003132e-01 4.760134369736878333e-03
4.400000000000012790e-01 4.124624979058907903e-01 4.760134369736878333e-03
4.600000000000012967e-01 4.125719646998007861e-01 4.760134369736878333e-03
4.800000000000013145e-01 3.983927197096938100e-01 4.760134369736878333e-03
5.000000000000013323e-01 3.928561477000696578e-01 4.760134369736878333e-03
5.200000000000013500e-01 3.849006367107752347e-01 4.760134369736878333e-03
5.400000000000013678e-01 3.825877123262578228e-01 4.760134369736878333e-03
5.600000000000013856e-01 3.761885102789395696e-01 4.760134369736878333e-03
5.800000000000014033e-01 3.733247209803173816e-01 4.760134369736878333e-03
6.000000000000014211e-01 3.716257310431352323e-01 4.760134369736878333e-03
6.200000000000014388e-01 3.521560253075877722e-01 4.760134369736878333e-03
6.400000000000014566e-01 3.404619547711115191e-01 4.760134369736878333e-03
6.600000000000014744e-01 3.444259250552650364e-01 4.760134369736878333e-03
6.800000000000014921e-01 3.329671428510199704e-01 4.760134369736878333e-03
7.000000000000015099e-01 3.419572880038952434e-01 4.760134369736878333e-03
7.200000000000015277e-01 3.261191069507628493e-01 4.760134369736878333e-03
7.400000000000015454e-01 3.354362428863860157e-01 4.760134369736878333e-03
7.600000000000015632e-01 3.210561930304666189e-01 4.760134369736878333e-03
7.800000000000015810e-01 3.196949264194060003e-01 4.760134369736878333e-03
8.000000000000015987e-01 3.173718350575258640e-01 4.760134369736878333e-03
8.200000000000016165e-01 3.094069789153530148e-01 4.760134369736878333e-03
8.400000000000016342e-01 3.079657168306798587e-01 4.760134369736878333e-03
8.600000000000016520e-01 2.946642520431774770e-01 4.760134369736878333e-03
8.800000000000016698e-01 2.950674778874581294e-01 4.760134369736878333e-03
9.000000000000016875e-01 2.898843012084964532e-01 4.760134369736878333e-03
9.200000000000017053e-01 2.932342395589057071e-01 4.760134369736878333e-03
9.400000000000017231e-01 2.861590611220362623e-01 4.760134369736878333e-03
9.600000000000017408e-01 2.855083284650185016e-01 4.760134369736878333e-03
9.800000000000017586e-01 2.816512737071495964e-01 4.760134369736878333e-03
1.000000000000001776e+00 2.716202785086516136e-01 4.760134369736878333e-03
1.020000000000001794e+00 2.671953848386068864e-01 4.760134369736878333e-03
1.040000000000001812e+00 2.560502064212335505e-01 4.760134369736878333e-03
1.060000000000001830e+00 2.605453168716236889e-01 4.760134369736878333e-03
1.080000000000001847e+00 2.539993313981142031e-01 4.760134369736878333e-03
1.100000000000001865e+00 2.533751957238687402e-01 4.760134369736878333e-03
1.120000000000001883e+00 2.527129472006585109e-01 4.760134369736878333e-03
1.140000000000001901e+00 2.430781164958966956e-01 4.760134369736878333e-03
1.160000000000001918e+00 2.467594733246666616e-01 4.760134369736878333e-03
1.180000000000001936e+00 2.441905202303960298e-01 4.760134369736878333e-03
1.200000000000001954e+00 2.329467805790199353e-01 4.760134369736878333e-03
1.220000000000001972e+00 2.348648798903019141e-01 4.760134369736878333e-03
1.240000000000001990e+00 2.336440706596135120e-01 4.760134369736878333e-03
1.260000000000002007e+00 2.324676990966917933e-01 4.760134369736878333e-03
1.280000000000002025e+00 2.324660985143110759e-01 4.760134369736878333e-03
1.300000000000002043e+00 2.245241360687504351e-01 4.760134369736878333e-03
1.320000000000002061e+00 2.225361266555410666e-01 4.760134369736878333e-03
1.340000000000002078e+00 2.149394200721658488e-01 4.760134369736878333e-03
1.360000000000002096e+00 2.145978837922064286e-01 4.760134369736878333e-03
1.380000000000002114e+00 2.001846343501945957e-01 4.760134369736878333e-03
1.400000000000002132e+00 2.060273117454640424e-01 4.760134369736878333e-03
1.420000000000002149e+00 2.016776143972073276e-01 4.760134369736878333e-03
1.440000000000002167e+00 2.045217759747529618e-01 4.760134369736878333e-03
1.460000000000002185e+00 1.998982687396034241e-01 4.760134369736878333e-03
1.480000000000002203e+00 1.943049774785868267e-01 4.760134369736878333e-03
1.500000000000002220e+00 1.924516068593194462e-01 4.760134369736878333e-03
1.520000000000002238e+00 1.934919554269298181e-01 4.760134369736878333e-03
1.540000000000002256e+00 1.877181194940170661e-01 4.760134369736878333e-03
1.560000000000002274e+00 1.901496218276484684e-01 4.760134369736878333e-03
1.580000000000002292e+00 1.791484846662995956e-01 4.760134369736878333e-03
1.600000000000002309e+00 1.794853680002404805e-01 4.760134369736878333e-03
1.620000000000002327e+00 1.820655019532933794e-01 4.760134369736878333e-03
1.640000000000002345e+00 1.684066096138915891e-01 4.760134369736878333e-03
1.660000000000002363e+00 1.634299209918374518e-01 4.760134369736878333e-03
1.680000000000002380e+00 1.642936519606822965e-01 4.760134369736878333e-03
1.700000000000002398e+00 1.642210159860285068e-01 4.760134369736878333e-03
1.720000000000002416e+00 1.522631077467634930e-01 4.760134369736878333e-03
1.740000000000002434e+00 1.722269969866774830e-01 4.760134369736878333e-03
1.760000000000002451e+00 1.597861059329139521e-01 4.760134369736878333e-03
1.780000000000002469e+00 1.546889995271690521e-01 4.760134369736878333e-03
1.800000000000002487e+00 1.452303139835700863e-01 4.760134369736878333e-03
1.820000000000002505e+00 1.532905215402463606e-01 4.760134369736878333e-03
1.840000000000002522e+00 1.440577064304862098e-01 4.760134369736878333e-03
1.860000000000002540e+00 1.369804300025848631e-01 4.760134369736878333e-03
1.880000000000002558e+00 1.470672868976712622e-01 4.760134369736878333e-03
1.900000000000002576e+00 1.385853181811814716e-01 4.760134369736878333e-03
1.920000000000002593e+00 1.274877834619197736e-01 4.760134369736878333e-03
1.940000000000002611e+00 1.326777269273873017e-01 4.760134369736878333e-03
1.960000000000002629e+00 1.295898343378740214e-01 4.760134369736878333e-03
1.980000000000002647e+00 1.234484400935911275e-01 4.760134369736878333e-03
2.000000000000000000e+00 1.294123119203431094e-01 4.760134369736878333e-03
2.200000000000000178e+00 1.027897033672091620e-01 4.760134369736878333e-03
2.400000000000000355e+00 8.001499991604671402e-02 4.760134369736878333e-03
2.600000000000000533e+00 5.969418446994444183e-02 4.760134369736878333e-03
2.800000000000000711e+00 4.405473700758459621e-02 4.760134369736878333e-03
3.000000000000000888e+00 1.493782677700410122e-02 4.760134369736878333e-03
3.200000000000001066e+00 -8.955941821287689147e-03 4.760134369736878333e-03
3.400000000000001243e+00 -2.148303246156640228e-02 4.760134369736878333e-03
3.600000000000001421e+00 -4.719173893905538597e-02 4.760134369736878333e-03
3.800000000000001599e+00 -6.321625358762195113e-02 4.760134369736878333e-03
4.000000000000001776e+00 -9.288648989477346629e-02 4.760134369736878333e-03
4.200000000000001954e+00 -9.857680573394017598e-02 4.760134369736878333e-03
4.400000000000002132e+00 -1.153595892530070166e-01 4.760134369736878333e-03
4.600000000000002309e+00 -1.304642895035113270e-01 4.760134369736878333e-03
4.800000000000002487e+00 -1.497553317518999227e-01 4.760134369736878333e-03
5.000000000000000000e+00 -1.765901874356334833e-01 4.760134369736878333e-03
6.000000000000000000e+00 -2.462779587811975146e-01 4.760134369736878333e-03
7.000000000000000000e+00 -3.164486129105033574e-01 4.760134369736878333e-03
8.000000000000000000e+00 -3.808567679513022441e-01 4.760134369736878333e-03
9.000000000000000000e+00 -4.438129447317452070e-01 4.760134369736878333e-03
1.000000000000000000e+01 -4.914249195263131198e-01 4.760134369736878333e-03
2.000000000000000000e+01 -8.028839763978046218e-01 4.760134369736878333e-03
3.000000000000000000e+01 -9.047774276665118132e-01 4.760134369736878333e-03
4.000000000000000000e+01 -9.427019591418034361e-01 4.760134369736878333e-03
5.000000000000000000e+01 -9.539566158304839671e-01 4.760134369736878333e-03
6.000000000000000000e+01 -9.561863307030886716e-01 4.760134369736878333e-03
7.000000000000000000e+01 -9.348302027862218644e-01 4.760134369736878333e-03
8.000000000000000000e+01 -9.380842704600503845e-01 4.760134369736878333e-03
9.000000000000000000e+01 -9.273418014028909084e-01 4.760134369736878333e-03
1.000000000000000000e+02 -9.130620645443128236e-01 4.760134369736878333e-03
2.000000000000000000e+02 -8.278754242941891439e-01 4.760134369736878333e-03
3.000000000000000000e+02 -7.527364518297396945e-01 4.760134369736878333e-03
4.000000000000000000e+02 -6.735690069342837871e-01 4.760134369736878333e-03
5.000000000000000000e+02 -6.152997472228930453e-01 4.760134369736878333e-03
6.000000000000000000e+02 -5.512598767253648058e-01 4.760134369736878333e-03
7.000000000000000000e+02 -4.945067437655206732e-01 4.760134369736878333e-03
8.000000000000000000e+02 -4.541889179899925577e-01 4.760134369736878333e-03
9.000000000000000000e+02 -4.084972464189498553e-01 4.760134369736878333e-03
1.000000000000000000e+03 -3.725664178695642925e-01 4.760134369736878333e-03
2.000000000000000000e+03 -1.350769575446091608e-01 4.760134369736878333e-03
