-2.000000000000000000e+00 -1.196169874195347803e-03 4.358482616147551711e-03
-1.800000000000000044e+00 -4.653663667751628021e-03 4.358482616147551711e-03
-1.600000000000000089e+00 -6.703619870021103842e-03 4.358482616147551711e-03
-1.400000000000000133e+00 -5.828132565743371178e-03 4.358482616147551711e-03
-1.200000000000000178e+00 -2.235197135568181212e-03 4.358482616147551711e-03
-1.000000000000000000e+00 -4.356253119090250717e-03 4.358482616147551711e-03
-9.799999999999999822e-01 -3.289321535838479922e-03 4.358482616147551711e-03
-9.599999999999999645e-01 2.627721632592599360e-03 4.358482616147551711e-03
-9.399999999999999467e-01 -3.903974001147495019e-03 4.358482616147551711e-03
-9.199999999999999289e-01 -3.428042856027460356e-03 4.358482616147551711e-03
-8.999999999999999112e-01 -5.835844593881059535e-03 4.358482616147551711e-03
-8.799999999999998934e-01 4.510269312565409229e-03 4.358482616147551711e-03
-8.599999999999998757e-01 6.321470103747315467e-03 4.358482616147551711e-03
-8.399999999999998579e-01 -1.657802501703884920e-03 4.358482616147551711e-03
-8.199999999999998401e-01 4.710206144463634399e-03 4.358482616147551711e-03
-7.999999999999998224e-01 5.461519276626095910e-03 4.358482616147551711e-03
-7.799999999999998046e-01 -5.371145970904463510e-03 4.358482616147551711e-03
-7.599999999999997868e-01 -2.733174571697721713e-04 4.358482616147551711e-03
-7.399999999999997691e-01 -6.032450080356872163e-03 4.358482616147551711e-03
-7.199999999999997513e-01 -1.378226937188824133e-03 4.358482616147551711e-03
-6.999999999999997335e-01 -1.561119165874560967e-03 4.358482616147551711e-03
-6.799999999999997158e-01 -3.865529898016883438e-03 4.358482616147551711e-03
-6.599999999999996980e-01 -1.015678899592739820e-03 4.358482616147551711e-03
-6.399999999999996803e-01 9.046806183409613136e-03 4.358482616147551711e-03
-6.199999999999996625e-01 -6.467992756398603139e-03 4.358482616147551711e-03
-5.999999999999996447e-01 3.037551173485838855e-03 4.358482616147551711e-03
-5.799999999999996270e-01 -1.156877048101267492e-03 4.358482616147551711e-03
-5.599999999999996092e-01 -1.934119242884250892e-03 4.358482616147551711e-03
-5.399999999999995914e-01 1.986888099311239376e-03 4.358482616147551711e-03
-5.199999999999995737e-01 6.561416271202664963e-03 4.358482616147551711e-03
-4.999999999999995559e-01 3.149033800258732411e-03 4.358482616147551711e-03
-4.799999999999995381e-01 -2.296648350053528357e-03 4.358482616147551711e-03
-4.599999999999995204e-01 -3.948277132884391027e-03 4.358482616147551711e-03
-4.399999999999995026e-01 3.395434193555468220e-03 4.358482616147551711e-03
-4.199999999999994849e-01 1.022879759133594937e-03 4.358482616147551711e-03
-3.999999999999994671e-01 -4.197614058362148892e-04 4.358482616147551711e-03
-3.799999999999994493e-01 -1.788428094872673629e-03 4.358482616147551711e-03
-3.599999999999994316e-01 -2.439379229613185436e-03 4.358482616147551711e-03
-3.399999999999994138e-01 -3.681631230367695285e-03 4.358482616147551711e-03
-3.199999999999993960e-01 -3.728052131211956159e-03 4.358482616147551711e-03
-2.999999999999993783e-01 7.626448220592044929e-04 4.358482616147551711e-03
-2.799999999999993605e-01 -1.931090343020907399e-05 4.358482616147551711e-03
-2.599999999999993427e-01 3.828049696727921919e-04 4.358482616147551711e-03
-2.399999999999993250e-01 4.906361177401410111e-04 4.358482616147551711e-03
-2.199999999999993072e-01 4.504861547917748260e-03 4.358482616147551711e-03
-1.999999999999992895e-01 7.144825146828302168e-04 4.358482616147551711e-03
-1.799999999999992717e-01 1.893453677269866945e-03 4.358482616147551711e-03
-1.599999999999992539e-01 9.985418112550574141e-04 4.358482616147551711e-03
-1.399999999999992362e-01 4.659090707969729996e-03 4.358482616147551711e-03
-1.199999999999992184e-01 1.142472049350678093e-04 4.358482616147551711e-03
-9.999999999999920064e-02 6.414772459051439231e-03 4.358482616147551711e-03
-7.999999999999918288e-02 2.706403864162706691e-03 4.358482616147551711e-03
-5.999999999999916511e-02 1.468640600719266220e-03 4.358482616147551711e-03
-3.999999999999914735e-02 -1.400273740256177853e-02 4.358482616147551711e-03
-1.999999999999912959e-02 -3.121647895709298709e-02 4.358482616147551711e-03
8.881784197001252323e-16 -6.748445260524074674e-02 4.358482616147551711e-03
2.000000000000090594e-02 -1.188780138484748228e-01 4.358482616147551711e-03
4.000000000000092371e-02 -1.899207959167303061e-01 4.358482616147551711e-03
6.000000000000094147e-02 -2.539411074603297180e-01 4.358482616147551711e-03
8.000000000000095923e-02 -3.138916849077645899e-01 4.358482616147551711e-03
1.000000000000009770e-01 -3.264088244743293399e-01 4.358482616147551711e-03
1.200000000000009948e-01 -3.202453343604182434e-01 4.358482616147551711e-03
1.400000000000010125e-01 -2.899324860591834807e-01 4.358482616147551711e-03
1.600000000000010303e-01 -2.479041904038449817e-01 4.358482616147551711e-03
1.800000000000010481e-01 -2.184679058598954227e-01 4.358482616147551711e-03
2.000000000000010658e-01 -1.886413539089838443e-01 4.358482616147551711e-03
2.200000000000010836e-01 -1.484150940190266110e-01 4.358482616147551711e-03
2.400000000000011013e-01 -1.182659840049869876e-01 4.358482616147551711e-03
2.600000000000011191e-01 -9.041699206037803749e-02 4.358482616147551711e-03
2.800000000000011369e-01 -6.148767291298241899e-02 4.358482616147551711e-03
3.000000000000011546e-01 -2.325190076433061859e-02 4.358482616147551711e-03
3.200000000000011724e-01 3.384412446428699400e-03 4.358482616147551711e-03
3.400000000000011902e-01 3.195908784527146801e-02 4.358482616147551711e-03
3.600000000000012079e-01 6.738997207265713663e-02 4.358482616147551711e-03
3.800000000000012257e-01 7.702208561972373468e-02 4.358482616147551711e-03
4.000000000000012434e-01 1.014738396556188887e-01 4.358482616147551711e-03
4.200000000000012612e-01 1.226122189340486390e-01 4.358482616147551711e-03
4.400000000000012790e-01 1.561371296200499414e-01 4.358482616147551711e-03
4.600000000000012967e-01 1.824196826164329599e-01 4.358482616147551711e-03
4.800000000000013145e-01 1.920567801257777041e-01 4.358482616147551711e-03
5.000000000000013323e-01 2.217577429246111731e-01 4.358482616147551711e-03
5.200000000000013500e-01 2.359630083639294162e-01 4.358482616147551711e-03
5.400000000000013678e-01 2.467668888697235885e-01 4.358482616147551711e-03
5.600000000000013856e-01 2.725180434050121780e-01 4.358482616147551711e-03
5.800000000000014033e-01 2.952382656356254409e-01 4.358482616147551711e-03
6.000000000000014211e-01 3.022124367647085474e-01 4.358482616147551711e-03
6.200000000000014388e-01 3.213934835803400336e-01 4.358482616147551711e-03
6.400000000000014566e-01 3.305995816495804207e-01 4.358482616147551711e-03
6.600000000000014744e-01 3.561287291207224648e-01 4.358482616147551711e-03
6.800000000000014921e-01 3.669174961078882635e-01 4.358482616147551711e-03
7.000000000000015099e-01 3.738617811565089766e-01 4.358482616147551711e-03
7.200000000000015277e-01 3.960414919880000939e-01 4.358482616147551711e-03
7.400000000000015454e-01 4.058339708386402012e-01 4.358482616147551711e-03
7.600000000000015632e-01 4.073248027217510336e-01 4.358482616147551711e-03
7.800000000000015810e-01 4.294986925166943137e-01 4.358482616147551711e-03
8.000000000000015987e-01 4.364582747875401791e-01 4.358482616147551711e-03
8.200000000000016165e-01 4.529311512826416641e-01 4.358482616147551711e-03
8.400000000000016342e-01 4.638571230138458512e-01 4.358482616147551711e-03
8.600000000000016520e-01 4.693850545883488379e-01 4.358482616147551711e-03
8.800000000000016698e-01 4.836228997134711105e-01 4.358482616147551711e-03
9.000000000000016875e-01 4.907665775829689880e-01 4.358482616147551711e-03
9.200000000000017053e-01 4.992479397436145883e-01 4.358482616147551711e-03
9.400000000000017231e-01 5.104057080699231363e-01 4.358482616147551711e-03
9.600000000000017408e-01 5.247701666247460706e-01 4.358482616147551711e-03
9.800000000000017586e-01 5.253126734284876420e-01 4.358482616147551711e-03
1.000000000000001776e+00 5.310487195499390412e-01 4.358482616147551711e-03
1.020000000000001794e+00 5.395623951739011437e-01 4.358482616147551711e-03
1.040000000000001812e+00 5.372342921019442885e-01 4.358482616147551711e-03
1.060000000000001830e+00 5.452556759505043926e-01 4.358482616147551711e-03
1.080000000000001847e+00 5.650385836440441345e-01 4.358482616147551711e-03
1.100000000000001865e+00 5.712870321863650069e-01 4.358482616147551711e-03
1.120000000000001883e+00 5.715811720608884317e-01 4.358482616147551711e-03
1.140000000000001901e+00 5.761643195603168843e-01 4.358482616147551711e-03
1.160000000000001918e+00 5.900617556799175878e-01 4.358482616147551711e-03
1.180000000000001936e+00 5.964369933479083397e-01 4.358482616147551711e-03
1.200000000000001954e+00 5.888058023086398807e-01 4.358482616147551711e-03
1.220000000000001972e+00 5.974010236831954757e-01 4.358482616147551711e-03
1.240000000000001990e+00 6.077477001629547626e-01 4.358482616147551711e-03
1.260000000000002007e+00 6.028350961182908918e-01 4.358482616147551711e-03
1.280000000000002025e+00 6.116406408262402561e-01 4.358482616147551711e-03
1.300000000000002043e+00 6.184053557428227377e-01 4.358482616147551711e-03
1.320000000000002061e+00 6.212109081395870147e-01 4.358482616147551711e-03
1.340000000000002078e+00 6.234447790604562556e-01 4.358482616147551711e-03
1.360000000000002096e+00 6.350041417035277025e-01 4.358482616147551711e-03
1.380000000000002114e+00 6.358910584202075444e-01 4.358482616147551711e-03
1.400000000000002132e+00 6.329694358890802786e-01 4.358482616147551711e-03
1.420000000000002149e+00 6.406037647286374481e-01 4.358482616147551711e-03
1.440000000000002167e+00 6.451087950798216619e-01 4.358482616147551711e-03
1.460000000000002185e+00 6.496249768071584718e-01 4.358482616147551711e-03
1.480000000000002203e+00 6.485045509214693027e-01 4.358482616147551711e-03
1.500000000000002220e+00 6.556302322677323158e-01 4.358482616147551711e-03
1.520000000000002238e+00 6.579374200005072559e-01 4.358482616147551711e-03
1.540000000000002256e+00 6.590733052815961335e-01 4.358482616147551711e-03
1.560000000000002274e+00 6.636256554751063241e-01 4.358482616147551711e-03
1.580000000000002292e+00 6.646319700707609135e-01 4.358482616147551711e-03
1.600000000000002309e+00 6.643100224158797751e-01 4.358482616147551711e-03
1.620000000000002327e+00 6.655468829011237375e-01 4.358482616147551711e-03
1.640000000000002345e+00 6.707088118271912203e-01 4.358482616147551711e-03
1.660000000000002363e+00 6.772422837715726951e-01 4.358482616147551711e-03
1.680000000000002380e+00 6.713095022529809164e-01 4.358482616147551711e-03
1.700000000000002398e+00 6.734300060012802236e-01 4.358482616147551711e-03
1.720000000000002416e+00 6.804588296931898261e-01 4.358482616147551711e-03
1.740000000000002434e+00 6.842930884810547454e-01 4.358482616147551711e-03
1.760000000000002451e+00 6.806037593951274056e-01 4.358482616147551711e-03
1.780000000000002469e+00 6.891079333199060519e-01 4.358482616147551711e-03
1.800000000000002487e+00 6.814690722595958539e-01 4.358482616147551711e-03
1.820000000000002505e+00 6.866813862505204424e-01 4.358482616147551711e-03
1.840000000000002522e+00 6.987370959693218753e-01 4.358482616147551711e-03
1.860000000000002540e+00 6.901633998705209994e-01 4.358482616147551711e-03
1.880000000000002558e+00 6.987237654298240619e-01 4.358482616147551711e-03
1.900000000000002576e+00 6.913893820419036995e-01 4.358482616147551711e-03
1.920000000000002593e+00 6.912129887715812160e-01 4.358482616147551711e-03
1.940000000000002611e+00 6.990239811526522962e-01 4.358482616147551711e-03
1.960000000000002629e+00 7.030664321900430558e-01 4.358482616147551711e-03
1.980000000000002647e+00 7.012632175467294893e-01 4.358482616147551711e-03
2.000000000000000000e+00 7.021768695453810549e-01 4.358482616147551711e-03
2.200000000000000178e+00 7.142925800945294501e-01 4.358482616147551711e-03
2.400000000000000355e+00 7.244256464252282202e-01 4.358482616147551711e-03
2.600000000000000533e+00 7.311220378201225278e-01 4.358482616147551711e-03
2.800000000000000711e+00 7.343224484550043840e-01 4.358482616147551711e-03
3.000000000000000888e+00 7.363963145749241601e-01 4.358482616147551711e-03
3.200000000000001066e+00 7.436375873625286070e-01 4.358482616147551711e-03
3.400000000000001243e+00 7.552818878859488549e-01 4.358482616147551711e-03
3.600000000000001421e+00 7.538638136262846290e-01 4.358482616147551711e-03
3.800000000000001599e+00 7.490051517330099662e-01 4.358482616147551711e-03
4.000000000000001776e+00 7.531966411242431159e-01 4.358482616147551711e-03
4.200000000000001954e+00 7.602657259681828705e-01 4.358482616147551711e-03
4.400000000000002132e+00 7.683558864920810860e-01 4.358482616147551711e-03
4.600000000000002309e+00 7.628722425746460312e-01 4.358482616147551711e-03
4.800000000000002487e+00 7.683737528314437126e-01 4.358482616147551711e-03
5.000000000000000000e+00 7.649317953497813960e-01 4.358482616147551711e-03
6.000000000000000000e+00 7.762596342311649522e-01 4.358482616147551711e-03
7.000000000000000000e+00 7.880155427459963891e-01 4.358482616147551711e-03
8.000000000000000000e+00 7.990928919019874010e-01 4.358482616147551711e-03
9.000000000000000000e+00 8.149750275385747589e-01 4.358482616147551711e-03
1.000000000000000000e+01 8.181415133958553909e-01 4.358482616147551711e-03
2.000000000000000000e+01 8.602617277141642038e-01 4.358482616147551711e-03
3.000000000000000000e+01 8.734440886631125167e-01 4.358482616147551711e-03
4.000000000000000000e+01 8.612897241002804849e-01 4.358482616147551711e-03
5.000000000000000000e+01 8.684939101998051525e-01 4.358482616147551711e-03
6.000000000000000000e+01 8.466217535358098178e-01 4.358482616147551711e-03
7.000000000000000000e+01 8.478885704564608217e-01 4.358482616147551711e-03
8.000000000000000000e+01 8.411686272416868393e-01 4.358482616147551711e-03
9.000000000000000000e+01 8.313581298033636546e-01 4.358482616147551711e-03
1.000000000000000000e+02 8.285492438702342088e-01 4.358482616147551711e-03
2.000000000000000000e+02 7.449814628489074275e-01 4.358482616147551711e-03
3.000000000000000000e+02 6.762941138984731593e-01 4.358482616147551711e-03
4.000000000000000000e+02 6.088608819218103152e-01 4.358482616147551711e-03
5.000000000000000000e+02 5.455578908009860450e-01 4.358482616147551711e-03
6.000000000000000000e+02 4.960057680059765661e-01 4.358482616147551711e-03
7.000000000000000000e+02 4.476897149794362152e-01 4.358482616147551711e-03
8.000000000000000000e+02 4.076313672470704419e-01 4.358482616147551711e-03
9.000000000000000000e+02 3.724046957900427612e-01 4.358482616147551711e-03
1.000000000000000000e+03 3.287742627133394269e-01 4.358482616147551711e-03
2.000000000000000000e+03 1.165081435020374201e-01 4.358482616147551711e-03
