-2.000000000000000000e+00 4.623300468412951982e-03 3.650610534533627743e-03
-1.800000000000000044e+00 1.106138680416087622e-03 3.650610534533627743e-03
-1.600000000000000089e+00 -1.730488137469828784e-03 3.650610534533627743e-03
-1.400000000000000133e+00 1.692184482512972725e-03 3.650610534533627743e-03
-1.200000000000000178e+00 8.555367146118417199e-03 3.650610534533627743e-03
-1.000000000000000000e+00 -2.721573739201691312e-03 3.650610534533627743e-03
-9.799999999999999822e-01 1.813230050065255203e-04 3.650610534533627743e-03
-9.599999999999999645e-01 3.873319431879684426e-03 3.650610534533627743e-03
-9.399999999999999467e-01 3.199635222323469683e-03 3.650610534533627743e-03
-9.199999999999999289e-01 3.911726972109614946e-03 3.650610534533627743e-03
-8.999999999999999112e-01 -4.905523374093815128e-03 3.650610534533627743e-03
-8.799999999999998934e-01 -1.946280626343225000e-04 3.650610534533627743e-03
-8.599999999999998757e-01 -3.019500500619364588e-03 3.650610534533627743e-03
-8.399999999999998579e-01 -4.032257306633408797e-03 3.650610534533627743e-03
-8.199999999999998401e-01 2.389462596709405594e-03 3.650610534533627743e-03
-7.999999999999998224e-01 1.181267902049428159e-03 3.650610534533627743e-03
-7.799999999999998046e-01 -4.771236072960892416e-03 3.650610534533627743e-03
-7.599999999999997868e-01 1.156023385257121507e-03 3.650610534533627743e-03
-7.399999999999997691e-01 -3.472210709520133498e-03 3.650610534533627743e-03
-7.199999999999997513e-01 -3.936409754013855782e-03 3.650610534533627743e-03
-6.999999999999997335e-01 2.630265711507960742e-03 3.650610534533627743e-03
-6.799999999999997158e-01 1.245167767968230173e-03 3.650610534533627743e-03
-6.599999999999996980e-01 -7.172542353401547676e-04 3.650610534533627743e-03
-6.399999999999996803e-01 4.109588965723756128e-03 3.650610534533627743e-03
-6.199999999999996625e-01 3.755657374855790858e-03 3.650610534533627743e-03
-5.999999999999996447e-01 -3.578604234829843057e-03 3.650610534533627743e-03
-5.799999999999996270e-01 6.423373613754529421e-03 3.650610534533627743e-03
-5.599999999999996092e-01 -7.665732984935528941e-04 3.650610534533627743e-03
-5.399999999999995914e-01 -1.669898778891531523e-03 3.650610534533627743e-03
-5.199999999999995737e-01 -3.901412469820983268e-03 3.650610534533627743e-03
-4.999999999999995559e-01 -1.236094611353019505e-03 3.650610534533627743e-03
-4.799999999999995381e-01 3.250550605700447751e-03 3.650610534533627743e-03
-4.599999999999995204e-01 5.448982674131202034e-03 3.650610534533627743e-03
-4.399999999999995026e-01 2.699697659937722125e-03 3.650610534533627743e-03
-4.199999999999994849e-01 6.372736830921951626e-05 3.650610534533627743e-03
-3.999999999999994671e-01 1.306235091266478524e-03 3.650610534533627743e-03
-3.799999999999994493e-01 -1.041934041231324157e-04 3.650610534533627743e-03
-3.599999999999994316e-01 -1.955272978473244789e-03 3.650610534533627743e-03
-3.399999999999994138e-01 7.533219940948153448e-03 3.650610534533627743e-03
-3.199999999999993960e-01 -7.203002996300755236e-04 3.650610534533627743e-03
-2.999999999999993783e-01 2.627987689517056764e-03 3.650610534533627743e-03
-2.799999999999993605e-01 -2.540175169346208048e-03 3.650610534533627743e-03
-2.599999999999993427e-01 1.326960349862512517e-03 3.650610534533627743e-03
-2.399999999999993250e-01 -1.092851894202394791e-03 3.650610534533627743e-03
-2.199999999999993072e-01 1.764545111421450584e-03 3.650610534533627743e-03
-1.999999999999992895e-01 4.325031091299251160e-03 3.650610534533627743e-03
-1.799999999999992717e-01 1.698330059533564168e-02 3.650610534533627743e-03
-1.599999999999992539e-01 3.640292754102533029e-02 3.650610534533627743e-03
-1.399999999999992362e-01 1.019892943811444297e-01 3.650610534533627743e-03
-1.199999999999992184e-01 1.829296940431071050e-01 3.650610534533627743e-03
-9.999999999999920064e-02 2.831836507115231272e-01 3.650610534533627743e-03
-7.999999999999918288e-02 3.748590880780812706e-01 3.650610534533627743e-03
-5.999999999999916511e-02 4.560465943898332486e-01 3.650610534533627743e-03
-3.999999999999914735e-02 5.032629848448508803e-01 3.650610534533627743e-03
-1.999999999999912959e-02 5.338889423679687996e-01 3.650610534533627743e-03
8.881784197001252323e-16 5.483329769830067590e-01 3.650610534533627743e-03
2.000000000000090594e-02 5.609002001752954047e-01 3.650610534533627743e-03
4.000000000000092371e-02 5.725562299133364341e-01 3.650610534533627743e-03
6.000000000000094147e-02 5.762267527225307662e-01 3.650610534533627743e-03
8.000000000000095923e-02 5.911511286495615414e-01 3.650610534533627743e-03
1.000000000000009770e-01 5.974445344755744403e-01 3.650610534533627743e-03
1.200000000000009948e-01 6.150614069901073622e-01 3.650610534533627743e-03
1.400000000000010125e-01 6.178363142201054314e-01 3.650610534533627743e-03
1.600000000000010303e-01 6.182138509572115970e-01 3.650610534533627743e-03
1.800000000000010481e-01 6.270867911268810380e-01 3.650610534533627743e-03
2.000000000000010658e-01 6.316046410148539181e-01 3.650610534533627743e-03
2.200000000000010836e-01 6.319096336632088473e-01 3.650610534533627743e-03
2.400000000000011013e-01 6.463470828038004878e-01 3.650610534533627743e-03
2.600000000000011191e-01 6.463829780187697605e-01 3.650610534533627743e-03
2.800000000000011369e-01 6.509871127210188346e-01 3.650610534533627743e-03
3.000000000000011546e-01 6.551838941803559413e-01 3.650610534533627743e-03
3.200000000000011724e-01 6.620162133617335520e-01 3.650610534533627743e-03
3.400000000000011902e-01 6.647882982387816053e-01 3.650610534533627743e-03
3.600000000000012079e-01 6.710316213139527752e-01 3.650610534533627743e-03
3.800000000000012257e-01 6.752100504651996626e-01 3.650610534533627743e-03
4.000000000000012434e-01 6.890131577681811725e-01 3.650610534533627743e-03
4.200000000000012612e-01 6.765337209541496533e-01 3.650610534533627743e-03
4.400000000000012790e-01 6.886768615718157349e-01 3.650610534533627743e-03
4.600000000000012967e-01 6.853061600242127405e-01 3.650610534533627743e-03
4.800000000000013145e-01 6.935052140439982304e-01 3.650610534533627743e-03
5.000000000000013323e-01 6.925630292967949186e-01 3.650610534533627743e-03
5.200000000000013500e-01 6.993096558866662704e-01 3.650610534533627743e-03
5.400000000000013678e-01 7.005461414171277879e-01 3.650610534533627743e-03
5.600000000000013856e-01 6.997542626748446404e-01 3.650610534533627743e-03
5.800000000000014033e-01 7.058147793571227790e-01 3.650610534533627743e-03
6.000000000000014211e-01 7.080870969918005020e-01 3.650610534533627743e-03
6.200000000000014388e-01 7.025865310813138587e-01 3.650610534533627743e-03
6.400000000000014566e-01 7.115327934729748227e-01 3.650610534533627743e-03
6.600000000000014744e-01 7.130944411698513230e-01 3.650610534533627743e-03
6.800000000000014921e-01 7.116804391990670942e-01 3.650610534533627743e-03
7.000000000000015099e-01 7.171615504187452972e-01 3.650610534533627743e-03
7.200000000000015277e-01 7.186329835055206283e-01 3.650610534533627743e-03
7.400000000000015454e-01 7.204633665951030164e-01 3.650610534533627743e-03
7.600000000000015632e-01 7.203181473089160791e-01 3.650610534533627743e-03
7.800000000000015810e-01 7.204045162848989881e-01 3.650610534533627743e-03
8.000000000000015987e-01 7.149374289527211657e-01 3.650610534533627743e-03
8.200000000000016165e-01 7.265375139215681788e-01 3.650610534533627743e-03
8.400000000000016342e-01 7.262516821644032783e-01 3.650610534533627743e-03
8.600000000000016520e-01 7.296223030085544625e-01 3.650610534533627743e-03
8.800000000000016698e-01 7.224430726749000442e-01 3.650610534533627743e-03
9.000000000000016875e-01 7.187197868255625899e-01 3.650610534533627743e-03
9.200000000000017053e-01 7.270713279212515090e-01 3.650610534533627743e-03
9.400000000000017231e-01 7.261714795313093385e-01 3.650610534533627743e-03
9.600000000000017408e-01 7.275366863785646121e-01 3.650610534533627743e-03
9.800000000000017586e-01 7.307391624697158194e-01 3.650610534533627743e-03
1.000000000000001776e+00 7.280240674598569273e-01 3.650610534533627743e-03
1.020000000000001794e+00 7.306725602608441505e-01 3.650610534533627743e-03
1.040000000000001812e+00 7.339252012466960240e-01 3.650610534533627743e-03
1.060000000000001830e+00 7.328167988547131806e-01 3.650610534533627743e-03
1.080000000000001847e+00 7.330335451587406403e-01 3.650610534533627743e-03
1.100000000000001865e+00 7.245862453820155480e-01 3.650610534533627743e-03
1.120000000000001883e+00 7.255597305330209190e-01 3.650610534533627743e-03
1.140000000000001901e+00 7.305361482153100994e-01 3.650610534533627743e-03
1.160000000000001918e+00 7.297070839141198695e-01 3.650610534533627743e-03
1.180000000000001936e+00 7.283528552301259396e-01 3.650610534533627743e-03
1.200000000000001954e+00 7.298110385575444781e-01 3.650610534533627743e-03
1.220000000000001972e+00 7.263588951734876176e-01 3.650610534533627743e-03
1.240000000000001990e+00 7.322586424146642070e-01 3.650610534533627743e-03
1.260000000000002007e+00 7.340166541518009513e-01 3.650610534533627743e-03
1.280000000000002025e+00 7.300577835618138334e-01 3.650610534533627743e-03
1.300000000000002043e+00 7.233251057912118975e-01 3.650610534533627743e-03
1.320000000000002061e+00 7.244680154371044845e-01 3.650610534533627743e-03
1.340000000000002078e+00 7.283518032345602800e-01 3.650610534533627743e-03
1.360000000000002096e+00 7.340332288621279622e-01 3.650610534533627743e-03
1.380000000000002114e+00 7.249031790430472411e-01 3.650610534533627743e-03
1.400000000000002132e+00 7.308286929191105674e-01 3.650610534533627743e-03
1.420000000000002149e+00 7.296179963566452598e-01 3.650610534533627743e-03
1.440000000000002167e+00 7.278299353037687158e-01 3.650610534533627743e-03
1.460000000000002185e+00 7.288121688010648080e-01 3.650610534533627743e-03
1.480000000000002203e+00 7.282933415357784046e-01 3.650610534533627743e-03
1.500000000000002220e+00 7.271682775357045658e-01 3.650610534533627743e-03
1.520000000000002238e+00 7.217656768518462274e-01 3.650610534533627743e-03
1.540000000000002256e+00 7.211015951006560787e-01 3.650610534533627743e-03
1.560000000000002274e+00 7.242216247841576360e-01 3.650610534533627743e-03
1.580000000000002292e+00 7.181131546553709555e-01 3.650610534533627743e-03
1.600000000000002309e+00 7.222338252376073742e-01 3.650610534533627743e-03
1.620000000000002327e+00 7.311560349388740443e-01 3.650610534533627743e-03
1.640000000000002345e+00 7.171527277729137229e-01 3.650610534533627743e-03
1.660000000000002363e+00 7.236425704250301072e-01 3.650610534533627743e-03
1.680000000000002380e+00 7.234241842301708525e-01 3.650610534533627743e-03
1.700000000000002398e+00 7.190227511729347931e-01 3.650610534533627743e-03
1.720000000000002416e+00 7.158659655530714705e-01 3.650610534533627743e-03
1.740000000000002434e+00 7.182947947644890974e-01 3.650610534533627743e-03
1.760000000000002451e+00 7.161659449380852749e-01 3.650610534533627743e-03
1.780000000000002469e+00 7.174271443481243793e-01 3.650610534533627743e-03
1.800000000000002487e+00 7.119405412158499313e-01 3.650610534533627743e-03
1.820000000000002505e+00 7.062313056341276152e-01 3.650610534533627743e-03
1.840000000000002522e+00 7.168600927345143425e-01 3.650610534533627743e-03
1.860000000000002540e+00 7.086911455792884729e-01 3.650610534533627743e-03
1.880000000000002558e+00 7.048888074762098555e-01 3.650610534533627743e-03
1.900000000000002576e+00 7.136046146590996342e-01 3.650610534533627743e-03
1.920000000000002593e+00 7.103959273008493280e-01 3.650610534533627743e-03
1.940000000000002611e+00 7.094751960520242484e-01 3.650610534533627743e-03
1.960000000000002629e+00 7.094947297162609301e-01 3.650610534533627743e-03
1.980000000000002647e+00 7.040284508579701672e-01 3.650610534533627743e-03
2.000000000000000000e+00 7.069675599566210833e-01 3.650610534533627743e-03
2.200000000000000178e+00 6.929475114109967526e-01 3.650610534533627743e-03
2.400000000000000355e+00 6.949817254487242746e-01 3.650610534533627743e-03
2.600000000000000533e+00 6.800792660082003449e-01 3.650610534533627743e-03
2.800000000000000711e+00 6.707915747476391743e-01 3.650610534533627743e-03
3.000000000000000888e+00 6.617729490071035947e-01 3.650610534533627743e-03
3.200000000000001066e+00 6.530792417853997778e-01 3.650610534533627743e-03
3.400000000000001243e+00 6.417503902748322719e-01 3.650610534533627743e-03
3.600000000000001421e+00 6.354994706471994714e-01 3.650610534533627743e-03
3.800000000000001599e+00 6.215654888526950250e-01 3.650610534533627743e-03
4.000000000000001776e+00 6.196275104561683733e-01 3.650610534533627743e-03
4.200000000000001954e+00 6.020316423596818733e-01 3.650610534533627743e-03
4.400000000000002132e+00 6.035522316471536586e-01 3.650610534533627743e-03
4.600000000000002309e+00 5.997559255811518719e-01 3.650610534533627743e-03
4.800000000000002487e+00 5.884939135015951894e-01 3.650610534533627743e-03
5.000000000000000000e+00 5.749756125206980650e-01 3.650610534533627743e-03
6.000000000000000000e+00 5.416682881578412934e-01 3.650610534533627743e-03
7.000000000000000000e+00 5.119523436253623494e-01 3.650610534533627743e-03
8.000000000000000000e+00 4.817802160147758306e-01 3.650610534533627743e-03
9.000000000000000000e+00 4.600261466023637391e-01 3.650610534533627743e-03
1.000000000000000000e+01 4.238544730940479455e-01 3.650610534533627743e-03
2.000000000000000000e+01 2.806328373527238185e-01 3.650610534533627743e-03
3.000000000000000000e+01 2.320254877829407703e-01 3.650610534533627743e-03
4.000000000000000000e+01 2.023831950322675099e-01 3.650610534533627743e-03
5.000000000000000000e+01 1.932514772444166029e-01 3.650610534533627743e-03
6.000000000000000000e+01 1.930040609077312841e-01 3.650610534533627743e-03
7.000000000000000000e+01 1.870932107498450292e-01 3.650610534533627743e-03
8.000000000000000000e+01 1.909456936940602811e-01 3.650610534533627743e-03
9.000000000000000000e+01 1.863916367472157054e-01 3.650610534533627743e-03
1.000000000000000000e+02 1.844230052458793456e-01 3.650610534533627743e-03
2.000000000000000000e+02 1.661756188820114055e-01 3.650610534533627743e-03
3.000000000000000000e+02 1.444401463668942009e-01 3.650610534533627743e-03
4.000000000000000000e+02 1.331189171826714368e-01 3.650610534533627743e-03
5.000000000000000000e+02 1.196483623031779214e-01 3.650610534533627743e-03
6.000000000000000000e+02 1.055750591695931162e-01 3.650610534533627743e-03
7.000000000000000000e+02 9.867305806223744535e-02 3.650610534533627743e-03
8.000000000000000000e+02 9.087845345643512374e-02 3.650610534533627743e-03
9.000000000000000000e+02 8.580259154387816223e-02 3.650610534533627743e-03
1.000000000000000000e+03 7.380248690139218359e-02 3.650610534533627743e-03
2.000000000000000000e+03 2.334635367792863708e-02 3.650610534533627743e-03
