# time_delay	fit_example_basic_1	fit_example_basic_2	fit_example_basic_3	fit_example_basic_4
-2.50000000e+03 0.00000000e+00 0.00000000e+00 0.00000000e+00 0.00000000e+00
-2.40000000e+03 0.00000000e+00 0.00000000e+00 0.00000000e+00 0.00000000e+00
-2.30000000e+03 0.00000000e+00 0.00000000e+00 0.00000000e+00 0.00000000e+00
-2.20000000e+03 0.00000000e+00 0.00000000e+00 0.00000000e+00 0.00000000e+00
-2.10000000e+03 0.00000000e+00 0.00000000e+00 0.00000000e+00 0.00000000e+00
-2.00000000e+03 0.00000000e+00 0.00000000e+00 0.00000000e+00 0.00000000e+00
-1.90000000e+03 0.00000000e+00 0.00000000e+00 0.00000000e+00 0.00000000e+00
-1.80000000e+03 0.00000000e+00 0.00000000e+00 -3.74981338e-310 0.00000000e+00
-1.70000000e+03 2.30115557e-294 0.00000000e+00 -1.77266085e-274 3.25654611e-298
-1.60000000e+03 1.25558110e-259 0.00000000e+00 -5.33110485e-241 2.96759711e-263
-1.50000000e+03 4.35952943e-227 1.80438908e-300 -1.02052894e-209 1.72075710e-230
-1.40000000e+03 9.63824504e-197 2.22348817e-265 -1.24435661e-180 6.35275462e-200
-1.30000000e+03 1.35784307e-168 1.74342345e-232 -9.67257341e-154 1.49435459e-171
-1.20000000e+03 1.22013384e-142 8.70351234e-202 -4.79821072e-129 2.24179435e-145
-1.10000000e+03 7.00161793e-119 2.76840723e-173 -1.52108080e-106 2.14733215e-121
-1.00000000e+03 2.56985594e-97 5.61576875e-147 -3.08706615e-86 1.31530896e-99
-9.00000000e+02 6.04583141e-78 7.27346185e-123 -4.02090769e-68 5.16256623e-80
-8.00000000e+02 9.14334093e-61 6.02402569e-101 -3.37270523e-52 1.30204721e-62
-7.00000000e+02 8.92620224e-46 3.19687996e-81 -1.83101063e-38 2.11855983e-47
-6.00000000e+02 5.66061877e-33 1.09010274e-63 -6.48384262e-27 2.23712586e-34
-5.00000000e+02 2.35534593e-22 2.39789281e-48 -1.51705301e-17 1.54765720e-23
-4.50000000e+02 7.33145458e-18 1.69970353e-41 -1.12458736e-13 6.20599932e-19
-4.00000000e+02 6.54392750e-14 3.42277924e-35 -2.40141345e-10 7.12945405e-15
-3.50000000e+02 1.68309894e-10 1.96067523e-29 -1.48769314e-07 2.35685340e-11
-3.00000000e+02 1.25654276e-07 3.20023300e-24 -2.70408631e-05 2.25684214e-08
-2.50000000e+02 2.75476557e-05 1.49169073e-19 -1.46974486e-03 6.32474698e-06
-2.00000000e+02 1.80886461e-03 1.99174202e-15 -2.47308419e-02 5.27769989e-04
-1.50000000e+02 3.68926242e-02 7.65147236e-12 -1.37979702e-01 1.35276433e-02
-1.00000000e+02 2.51398341e-01 8.51206570e-09 -2.94279027e-01 1.13230044e-01
-5.00000000e+01 6.67434701e-01 2.77019858e-06 -3.13889692e-01 3.51940323e-01
0.00000000e+00 9.26397863e-01 2.68234715e-04 -2.35107007e-01 5.25607458e-01
5.00000000e+01 9.78491390e-01 7.96623025e-03 -1.46595705e-01 5.49329373e-01
1.00000000e+02 9.82412694e-01 7.70160643e-02 -6.59558732e-02 5.29605999e-01
1.50000000e+02 9.82728117e-01 2.74514160e-01 6.65693436e-03 5.08237520e-01
2.00000000e+02 9.82489710e-01 4.63244304e-01 7.19972537e-02 4.88683644e-01
2.50000000e+02 9.81804773e-01 5.36071333e-01 1.30761813e-01 4.70852924e-01
3.00000000e+02 9.80718626e-01 5.63660974e-01 1.83580802e-01 4.54581964e-01
3.50000000e+02 9.79271955e-01 5.84541272e-01 2.31024168e-01 4.39722403e-01
4.00000000e+02 9.77501546e-01 6.02947668e-01 2.73607371e-01 4.26140052e-01
4.50000000e+02 9.75440655e-01 6.19222007e-01 3.11796592e-01 4.13713548e-01
5.00000000e+02 9.73119348e-01 6.33570809e-01 3.46013448e-01 4.02333122e-01
5.50000000e+02 9.70564808e-01 6.46179979e-01 3.76639244e-01 3.91899497e-01
6.00000000e+02 9.67801605e-01 6.57217639e-01 4.04018832e-01 3.82322878e-01
6.50000000e+02 9.64851952e-01 6.66835835e-01 4.28464094e-01 3.73522052e-01
7.00000000e+02 9.61735925e-01 6.75172068e-01 4.50257094e-01 3.65423564e-01
7.50000000e+02 9.58471672e-01 6.82350690e-01 4.69652924e-01 3.57960978e-01
8.00000000e+02 9.55075593e-01 6.88484155e-01 4.86882289e-01 3.51074202e-01
8.50000000e+02 9.51562511e-01 6.93674161e-01 5.02153832e-01 3.44708888e-01
9.00000000e+02 9.47945820e-01 6.98012676e-01 5.15656246e-01 3.38815875e-01
9.50000000e+02 9.44237623e-01 7.01582867e-01 5.27560181e-01 3.33350702e-01
1.00000000e+03 9.40448855e-01 7.04459944e-01 5.38019967e-01 3.28273152e-01
1.05000000e+03 9.36589396e-01 7.06711920e-01 5.47175174e-01 3.23546849e-01
1.10000000e+03 9.32668168e-01 7.08400296e-01 5.55152026e-01 3.19138890e-01
1.15000000e+03 9.28693231e-01 7.09580687e-01 5.62064672e-01 3.15019515e-01
1.20000000e+03 9.24671865e-01 7.10303384e-01 5.68016343e-01 3.11161804e-01
1.25000000e+03 9.20610642e-01 7.10613861e-01 5.73100397e-01 3.07541408e-01
1.30000000e+03 9.16515495e-01 7.10553237e-01 5.77401259e-01 3.04136300e-01
1.35000000e+03 9.12391780e-01 7.10158693e-01 5.80995278e-01 3.00926558e-01
1.40000000e+03 9.08244330e-01 7.09463848e-01 5.83951497e-01 2.97894159e-01
1.45000000e+03 9.04077506e-01 7.08499096e-01 5.86332353e-01 2.95022799e-01
1.50000000e+03 8.99895240e-01 7.07291921e-01 5.88194307e-01 2.92297732e-01
1.75000000e+03 8.78864893e-01 6.98410551e-01 5.91345981e-01 2.80441863e-01
2.00000000e+03 8.57854474e-01 6.86335330e-01 5.87419407e-01 2.70701236e-01
2.25000000e+03 8.37061408e-01 6.72493499e-01 5.79354207e-01 2.62304179e-01
2.50000000e+03 8.16600072e-01 6.57744592e-01 5.68925622e-01 2.54782163e-01
2.75000000e+03 7.96534717e-01 6.42604718e-01 5.57204391e-01 2.47850135e-01
3.00000000e+03 7.76899384e-01 6.27382274e-01 5.44835033e-01 2.41334105e-01
3.25000000e+03 7.57709954e-01 6.12260056e-01 5.32204236e-01 2.35127326e-01
3.50000000e+03 7.38971435e-01 5.97344960e-01 5.19542752e-01 2.29163778e-01
3.75000000e+03 7.20682370e-01 5.82698038e-01 5.06987055e-01 2.23402123e-01
4.00000000e+03 7.02837502e-01 5.68352697e-01 4.94616646e-01 2.17815987e-01
4.25000000e+03 6.85429382e-01 5.54325697e-01 4.82476627e-01 2.12388093e-01
4.50000000e+03 6.68449340e-01 5.40623817e-01 4.70591359e-01 2.07106692e-01
4.75000000e+03 6.51888070e-01 5.27247873e-01 4.58972727e-01 2.01963422e-01
5.00000000e+03 6.35735984e-01 5.14195159e-01 4.47625134e-01 1.96951994e-01
7.50000000e+03 4.94656601e-01 4.00101532e-01 3.48321351e-01 1.53236172e-01
1.00000000e+04 3.84883054e-01 3.11311615e-01 2.71022536e-01 1.19230140e-01
1.25000000e+04 2.99470298e-01 2.42225739e-01 2.10877562e-01 9.27707391e-02
1.50000000e+04 2.33012231e-01 1.88471312e-01 1.64079882e-01 7.21831750e-02
1.75000000e+04 1.81302454e-01 1.46645999e-01 1.27667484e-01 5.61643769e-02
2.00000000e+04 1.41068045e-01 1.14102506e-01 9.93356789e-02 4.37004500e-02
2.25000000e+04 1.09762404e-01 8.87810233e-02 7.72912317e-02 3.40025019e-02
2.50000000e+04 8.54040715e-02 6.90788519e-02 6.01388602e-02 2.64567100e-02
2.75000000e+04 6.64513088e-02 5.37489612e-02 4.67929210e-02 2.05854707e-02
3.00000000e+04 5.17045191e-02 4.18210603e-02 3.64086957e-02 1.60171693e-02
3.25000000e+04 4.02303182e-02 3.25401839e-02 2.83289244e-02 1.24626595e-02
3.50000000e+04 3.13024573e-02 2.53189078e-02 2.20422056e-02 9.69696200e-03
3.75000000e+04 2.43558559e-02 1.97001681e-02 1.71506274e-02 7.54502456e-03
4.00000000e+04 1.89508354e-02 1.53283319e-02 1.33445821e-02 5.87064234e-03
4.25000000e+04 1.47452902e-02 1.19266880e-02 1.03831694e-02 4.56783688e-03
4.50000000e+04 1.14730342e-02 9.27993264e-03 8.07894972e-03 3.55414834e-03
4.75000000e+04 8.92695309e-03 7.22054182e-03 6.28607950e-03 2.76541628e-03
