-2.500000000000000000e+03 -2.887096649065999318e-02 4.985962571428550344e-02
-2.400000000000000000e+03 -8.961160816249714653e-03 4.985962571428550344e-02
-2.300000000000000000e+03 -6.931434632194274914e-02 4.985962571428550344e-02
-2.200000000000000000e+03 -6.978954022346889850e-03 4.985962571428550344e-02
-2.100000000000000000e+03 1.266509936692543272e-03 4.985962571428550344e-02
-2.000000000000000000e+03 7.469322978342300690e-02 4.985962571428550344e-02
-1.900000000000000000e+03 -8.458087014579028506e-02 4.985962571428550344e-02
-1.800000000000000000e+03 -5.232252490044154297e-02 4.985962571428550344e-02
-1.700000000000000000e+03 -2.867466718415364116e-02 4.985962571428550344e-02
-1.600000000000000000e+03 3.661006834710387597e-02 4.985962571428550344e-02
-1.500000000000000000e+03 2.812145751385620659e-02 4.985962571428550344e-02
-1.400000000000000000e+03 -5.497442092186095863e-02 4.985962571428550344e-02
-1.300000000000000000e+03 2.192839926403560361e-02 4.985962571428550344e-02
-1.200000000000000000e+03 1.961887653454990905e-03 4.985962571428550344e-02
-1.100000000000000000e+03 4.067333124907267922e-02 4.985962571428550344e-02
-1.000000000000000000e+03 -6.256517046602731724e-02 4.985962571428550344e-02
-9.000000000000000000e+02 9.575290625510729514e-02 4.985962571428550344e-02
-8.000000000000000000e+02 -6.578959418227886546e-02 4.985962571428550344e-02
-7.000000000000000000e+02 5.655077199235272051e-02 4.985962571428550344e-02
-6.000000000000000000e+02 -2.958544809888656243e-02 4.985962571428550344e-02
-5.000000000000000000e+02 1.870086852317612638e-02 4.985962571428550344e-02
-4.500000000000000000e+02 4.901434933012700779e-02 4.985962571428550344e-02
-4.000000000000000000e+02 -4.120771451399374286e-02 4.985962571428550344e-02
-3.500000000000000000e+02 -3.057627371083489892e-02 4.985962571428550344e-02
-3.000000000000000000e+02 -7.889744765203347832e-02 4.985962571428550344e-02
-2.500000000000000000e+02 2.777789137618963747e-02 4.985962571428550344e-02
-2.000000000000000000e+02 2.477315336751755304e-01 4.985962571428550344e-02
-1.500000000000000000e+02 7.348580744087940264e-01 4.985962571428550344e-02
-1.000000000000000000e+02 9.257196254036994532e-01 4.985962571428550344e-02
-5.000000000000000000e+01 1.054184113848814608e+00 4.985962571428550344e-02
0.000000000000000000e+00 9.766924045913119024e-01 4.985962571428550344e-02
5.000000000000000000e+01 9.571103223641378444e-01 4.985962571428550344e-02
1.000000000000000000e+02 9.138063125842494916e-01 4.985962571428550344e-02
1.500000000000000000e+02 9.415579240741993594e-01 4.985962571428550344e-02
2.000000000000000000e+02 9.306973080193002845e-01 4.985962571428550344e-02
2.500000000000000000e+02 1.056652123464438153e+00 4.985962571428550344e-02
3.000000000000000000e+02 1.010271806982845577e+00 4.985962571428550344e-02
3.500000000000000000e+02 9.879104047672596645e-01 4.985962571428550344e-02
4.000000000000000000e+02 9.874561199575355719e-01 4.985962571428550344e-02
4.500000000000000000e+02 1.003697317162570490e+00 4.985962571428550344e-02
5.000000000000000000e+02 9.458767900278003404e-01 4.985962571428550344e-02
5.500000000000000000e+02 9.911826756427843943e-01 4.985962571428550344e-02
6.000000000000000000e+02 8.834013580325664750e-01 4.985962571428550344e-02
6.500000000000000000e+02 9.757012604569158531e-01 4.985962571428550344e-02
7.000000000000000000e+02 9.851544744084430594e-01 4.985962571428550344e-02
7.500000000000000000e+02 9.067103973607266720e-01 4.985962571428550344e-02
8.000000000000000000e+02 9.506450420071795859e-01 4.985962571428550344e-02
8.500000000000000000e+02 8.928189267334971646e-01 4.985962571428550344e-02
9.000000000000000000e+02 9.709096974789839241e-01 4.985962571428550344e-02
9.500000000000000000e+02 9.597371210117242590e-01 4.985962571428550344e-02
1.000000000000000000e+03 7.818059803923365081e-01 4.985962571428550344e-02
1.050000000000000000e+03 9.327634815763926612e-01 4.985962571428550344e-02
1.100000000000000000e+03 9.821393241907400151e-01 4.985962571428550344e-02
1.150000000000000000e+03 1.023119974829930889e+00 4.985962571428550344e-02
1.200000000000000000e+03 8.719284114468897062e-01 4.985962571428550344e-02
1.250000000000000000e+03 9.897500995329746587e-01 4.985962571428550344e-02
1.300000000000000000e+03 9.765383175475693678e-01 4.985962571428550344e-02
1.350000000000000000e+03 9.287566835242211383e-01 4.985962571428550344e-02
1.400000000000000000e+03 9.176658627103053689e-01 4.985962571428550344e-02
1.450000000000000000e+03 8.875716094585460736e-01 4.985962571428550344e-02
1.500000000000000000e+03 8.841551251952165513e-01 4.985962571428550344e-02
1.750000000000000000e+03 8.348558281823755811e-01 4.985962571428550344e-02
2.000000000000000000e+03 7.841348123562453809e-01 4.985962571428550344e-02
2.250000000000000000e+03 8.662335126864391111e-01 4.985962571428550344e-02
2.500000000000000000e+03 8.203648117756332514e-01 4.985962571428550344e-02
2.750000000000000000e+03 7.936482022779902668e-01 4.985962571428550344e-02
3.000000000000000000e+03 8.203397486848237330e-01 4.985962571428550344e-02
3.250000000000000000e+03 7.349682841688885970e-01 4.985962571428550344e-02
3.500000000000000000e+03 6.712344539501176044e-01 4.985962571428550344e-02
3.750000000000000000e+03 6.909844355188273779e-01 4.985962571428550344e-02
4.000000000000000000e+03 7.151705930745180240e-01 4.985962571428550344e-02
4.250000000000000000e+03 5.977245138184792417e-01 4.985962571428550344e-02
4.500000000000000000e+03 5.893880389863898062e-01 4.985962571428550344e-02
4.750000000000000000e+03 6.658341443388211545e-01 4.985962571428550344e-02
5.000000000000000000e+03 6.172319389771097065e-01 4.985962571428550344e-02
7.500000000000000000e+03 4.624088448984336464e-01 4.985962571428550344e-02
1.000000000000000000e+04 3.410545100858125012e-01 4.985962571428550344e-02
1.250000000000000000e+04 3.849873528813905765e-01 4.985962571428550344e-02
1.500000000000000000e+04 3.394867850395770215e-01 4.985962571428550344e-02
1.750000000000000000e+04 2.600666578802114937e-01 4.985962571428550344e-02
2.000000000000000000e+04 9.276131216371293065e-02 4.985962571428550344e-02
2.250000000000000000e+04 1.792240514469786716e-01 4.985962571428550344e-02
2.500000000000000000e+04 6.772607834327129539e-02 4.985962571428550344e-02
2.750000000000000000e+04 3.922049032775654087e-02 4.985962571428550344e-02
3.000000000000000000e+04 1.168623467521413550e-01 4.985962571428550344e-02
3.250000000000000000e+04 5.473968437839449308e-02 4.985962571428550344e-02
3.500000000000000000e+04 9.921655207347136740e-02 4.985962571428550344e-02
3.750000000000000000e+04 3.450062804124341687e-02 4.985962571428550344e-02
4.000000000000000000e+04 2.256761873385643505e-02 4.985962571428550344e-02
4.250000000000000000e+04 -1.415593595721982567e-02 4.985962571428550344e-02
4.500000000000000000e+04 1.399612263920270785e-03 4.985962571428550344e-02
4.750000000000000000e+04 1.574202344521398109e-02 4.985962571428550344e-02
