-2.500000000000000000e+03 7.822218025858890256e-03 4.491403866003892270e-02
-2.400000000000000000e+03 8.165937231217574449e-03 4.491403866003892270e-02
-2.300000000000000000e+03 5.628429102264827233e-02 4.491403866003892270e-02
-2.200000000000000000e+03 2.109215811857711662e-02 4.491403866003892270e-02
-2.100000000000000000e+03 -1.872176084345627059e-02 4.491403866003892270e-02
-2.000000000000000000e+03 -2.969045762510162320e-02 4.491403866003892270e-02
-1.900000000000000000e+03 4.966711666098017064e-02 4.491403866003892270e-02
-1.800000000000000000e+03 2.090311952845918392e-02 4.491403866003892270e-02
-1.700000000000000000e+03 2.984544919374644903e-02 4.491403866003892270e-02
-1.600000000000000000e+03 -6.031863360071425262e-02 4.491403866003892270e-02
-1.500000000000000000e+03 -2.705613535025534755e-02 4.491403866003892270e-02
-1.400000000000000000e+03 -9.660016377851571648e-03 4.491403866003892270e-02
-1.300000000000000000e+03 8.409170968261703294e-02 4.491403866003892270e-02
-1.200000000000000000e+03 -1.087429395659397779e-01 4.491403866003892270e-02
-1.100000000000000000e+03 -1.016923437506155048e-01 4.491403866003892270e-02
-1.000000000000000000e+03 3.459533985983462984e-02 4.491403866003892270e-02
-9.000000000000000000e+02 -6.439235388296535301e-02 4.491403866003892270e-02
-8.000000000000000000e+02 3.617873810141273693e-03 4.491403866003892270e-02
-7.000000000000000000e+02 -1.521046619017931215e-02 4.491403866003892270e-02
-6.000000000000000000e+02 -6.703790210573368213e-02 4.491403866003892270e-02
-5.000000000000000000e+02 1.130274690696033910e-02 4.491403866003892270e-02
-4.500000000000000000e+02 9.678145074123099822e-02 4.491403866003892270e-02
-4.000000000000000000e+02 -1.209868603186313799e-02 4.491403866003892270e-02
-3.500000000000000000e+02 2.807126337974746866e-02 4.491403866003892270e-02
-3.000000000000000000e+02 -2.107209122505000407e-02 4.491403866003892270e-02
-2.500000000000000000e+02 -1.226525372498277460e-03 4.491403866003892270e-02
-2.000000000000000000e+02 -3.343129255158056728e-02 4.491403866003892270e-02
-1.500000000000000000e+02 1.363447035189492285e-01 4.491403866003892270e-02
-1.000000000000000000e+02 5.344371851169957832e-01 4.491403866003892270e-02
-5.000000000000000000e+01 8.001110419707762045e-01 4.491403866003892270e-02
0.000000000000000000e+00 8.448224762365628138e-01 4.491403866003892270e-02
5.000000000000000000e+01 9.151907453795249392e-01 4.491403866003892270e-02
1.000000000000000000e+02 8.380834278856397201e-01 4.491403866003892270e-02
1.500000000000000000e+02 8.376395053954726055e-01 4.491403866003892270e-02
2.000000000000000000e+02 7.003941997226793559e-01 4.491403866003892270e-02
2.500000000000000000e+02 7.778224838209191194e-01 4.491403866003892270e-02
3.000000000000000000e+02 7.484864549965015712e-01 4.491403866003892270e-02
3.500000000000000000e+02 7.646643399364266847e-01 4.491403866003892270e-02
4.000000000000000000e+02 7.177663792298480949e-01 4.491403866003892270e-02
4.500000000000000000e+02 6.338128381859206018e-01 4.491403866003892270e-02
5.000000000000000000e+02 6.549836865377987039e-01 4.491403866003892270e-02
5.500000000000000000e+02 6.319602945963738172e-01 4.491403866003892270e-02
6.000000000000000000e+02 5.478021426854263742e-01 4.491403866003892270e-02
6.500000000000000000e+02 6.193679313056427160e-01 4.491403866003892270e-02
7.000000000000000000e+02 5.726060814915598929e-01 4.491403866003892270e-02
7.500000000000000000e+02 5.596905629211239575e-01 4.491403866003892270e-02
8.000000000000000000e+02 6.229949429938624883e-01 4.491403866003892270e-02
8.500000000000000000e+02 5.585562964055044155e-01 4.491403866003892270e-02
9.000000000000000000e+02 5.736876655480274145e-01 4.491403866003892270e-02
9.500000000000000000e+02 5.437383080863491536e-01 4.491403866003892270e-02
1.000000000000000000e+03 4.852254914650452888e-01 4.491403866003892270e-02
1.050000000000000000e+03 4.998770451100825740e-01 4.491403866003892270e-02
1.100000000000000000e+03 6.122757413781459990e-01 4.491403866003892270e-02
1.150000000000000000e+03 4.860408073961580699e-01 4.491403866003892270e-02
1.200000000000000000e+03 4.281994271692761145e-01 4.491403866003892270e-02
1.250000000000000000e+03 5.449476026281554475e-01 4.491403866003892270e-02
1.300000000000000000e+03 4.235222000243266671e-01 4.491403866003892270e-02
1.350000000000000000e+03 4.549771148358032757e-01 4.491403866003892270e-02
1.400000000000000000e+03 4.608770333861840207e-01 4.491403866003892270e-02
1.450000000000000000e+03 5.159494284892226501e-01 4.491403866003892270e-02
1.500000000000000000e+03 4.339540818632570129e-01 4.491403866003892270e-02
1.750000000000000000e+03 4.868640951135734252e-01 4.491403866003892270e-02
2.000000000000000000e+03 4.536731260713862124e-01 4.491403866003892270e-02
2.250000000000000000e+03 4.450125815115054673e-01 4.491403866003892270e-02
2.500000000000000000e+03 3.361668411443718418e-01 4.491403866003892270e-02
2.750000000000000000e+03 4.848602975964268480e-01 4.491403866003892270e-02
3.000000000000000000e+03 4.069257973941969864e-01 4.491403866003892270e-02
3.250000000000000000e+03 3.120395547470931064e-01 4.491403866003892270e-02
3.500000000000000000e+03 3.040723040009507550e-01 4.491403866003892270e-02
3.750000000000000000e+03 3.570100498786186738e-01 4.491403866003892270e-02
4.000000000000000000e+03 2.969563820941980570e-01 4.491403866003892270e-02
4.250000000000000000e+03 3.520503121257425039e-01 4.491403866003892270e-02
4.500000000000000000e+03 3.800628869049165748e-01 4.491403866003892270e-02
4.750000000000000000e+03 3.661420875651212326e-01 4.491403866003892270e-02
5.000000000000000000e+03 3.647295347765078244e-01 4.491403866003892270e-02
7.500000000000000000e+03 3.370449042283920060e-01 4.491403866003892270e-02
1.000000000000000000e+04 2.810572397949819834e-01 4.491403866003892270e-02
1.250000000000000000e+04 1.678322608118693327e-01 4.491403866003892270e-02
1.500000000000000000e+04 1.845811339210041702e-01 4.491403866003892270e-02
1.750000000000000000e+04 7.181221730034872963e-02 4.491403866003892270e-02
2.000000000000000000e+04 5.788733406283608912e-02 4.491403866003892270e-02
2.250000000000000000e+04 7.356166224814689181e-02 4.491403866003892270e-02
2.500000000000000000e+04 6.268908896437373757e-02 4.491403866003892270e-02
2.750000000000000000e+04 1.353165737826329124e-02 4.491403866003892270e-02
3.000000000000000000e+04 7.275271685308246084e-02 4.491403866003892270e-02
3.250000000000000000e+04 -1.679644768467302568e-02 4.491403866003892270e-02
3.500000000000000000e+04 5.320014481559502684e-02 4.491403866003892270e-02
3.750000000000000000e+04 5.076919391719566556e-03 4.491403866003892270e-02
4.000000000000000000e+04 3.708797802383567710e-02 4.491403866003892270e-02
4.250000000000000000e+04 4.192972724774899490e-02 4.491403866003892270e-02
4.500000000000000000e+04 3.875544110047829394e-02 4.491403866003892270e-02
4.750000000000000000e+04 -3.735513378295191728e-02 4.491403866003892270e-02
