-2.500000000000000000e+03 -7.256815303016835028e-02 4.177089091819840422e-02
-2.400000000000000000e+03 -1.034463091783502098e-01 4.177089091819840422e-02
-2.300000000000000000e+03 2.582602370956777610e-02 4.177089091819840422e-02
-2.200000000000000000e+03 -4.620504011420460688e-02 4.177089091819840422e-02
-2.100000000000000000e+03 3.080124363774467897e-02 4.177089091819840422e-02
-2.000000000000000000e+03 -3.981330501948508738e-02 4.177089091819840422e-02
-1.900000000000000000e+03 4.139549152810412941e-02 4.177089091819840422e-02
-1.800000000000000000e+03 -4.025673778605278613e-02 4.177089091819840422e-02
-1.700000000000000000e+03 -1.837680747864972597e-02 4.177089091819840422e-02
-1.600000000000000000e+03 1.947060348006211458e-02 4.177089091819840422e-02
-1.500000000000000000e+03 -1.348740522628309952e-03 4.177089091819840422e-02
-1.400000000000000000e+03 -1.848745813350405331e-02 4.177089091819840422e-02
-1.300000000000000000e+03 3.607376169083435780e-02 4.177089091819840422e-02
-1.200000000000000000e+03 -6.252252495789147047e-02 4.177089091819840422e-02
-1.100000000000000000e+03 -3.158979538961477485e-02 4.177089091819840422e-02
-1.000000000000000000e+03 -8.944241195330789040e-02 4.177089091819840422e-02
-9.000000000000000000e+02 1.669736601674118998e-02 4.177089091819840422e-02
-8.000000000000000000e+02 6.018824406835949353e-02 4.177089091819840422e-02
-7.000000000000000000e+02 -9.757306089337119612e-03 4.177089091819840422e-02
-6.000000000000000000e+02 1.531277711799393371e-02 4.177089091819840422e-02
-5.000000000000000000e+02 -1.105958950580883740e-02 4.177089091819840422e-02
-4.500000000000000000e+02 -2.168721675282038117e-02 4.177089091819840422e-02
-4.000000000000000000e+02 6.370675279253687484e-02 4.177089091819840422e-02
-3.500000000000000000e+02 -3.626923262352693168e-03 4.177089091819840422e-02
-3.000000000000000000e+02 -2.481732143090462778e-02 4.177089091819840422e-02
-2.500000000000000000e+02 -1.659742484648562069e-02 4.177089091819840422e-02
-2.000000000000000000e+02 -8.420661883126789871e-02 4.177089091819840422e-02
-1.500000000000000000e+02 -2.554742150243601295e-01 4.177089091819840422e-02
-1.000000000000000000e+02 -2.889728493098722706e-01 4.177089091819840422e-02
-5.000000000000000000e+01 -1.792094094333991638e-01 4.177089091819840422e-02
0.000000000000000000e+00 -7.895033442593570039e-02 4.177089091819840422e-02
5.000000000000000000e+01 8.970804341488948508e-02 4.177089091819840422e-02
1.000000000000000000e+02 3.935113881578812534e-02 4.177089091819840422e-02
1.500000000000000000e+02 2.309966410227894951e-01 4.177089091819840422e-02
2.000000000000000000e+02 2.923079562859715042e-01 4.177089091819840422e-02
2.500000000000000000e+02 2.794745657067742028e-01 4.177089091819840422e-02
3.000000000000000000e+02 4.080006763708272643e-01 4.177089091819840422e-02
3.500000000000000000e+02 3.819921156363451642e-01 4.177089091819840422e-02
4.000000000000000000e+02 5.043173127018968360e-01 4.177089091819840422e-02
4.500000000000000000e+02 5.961688733652724670e-01 4.177089091819840422e-02
5.000000000000000000e+02 5.892336434298784953e-01 4.177089091819840422e-02
5.500000000000000000e+02 5.022273380496898865e-01 4.177089091819840422e-02
6.000000000000000000e+02 6.768474655138005946e-01 4.177089091819840422e-02
6.500000000000000000e+02 6.516557443869641641e-01 4.177089091819840422e-02
7.000000000000000000e+02 7.128809510745283129e-01 4.177089091819840422e-02
7.500000000000000000e+02 7.006334063133655699e-01 4.177089091819840422e-02
8.000000000000000000e+02 8.169047700299261194e-01 4.177089091819840422e-02
8.500000000000000000e+02 7.621761718205760650e-01 4.177089091819840422e-02
9.000000000000000000e+02 7.447420249949467941e-01 4.177089091819840422e-02
9.500000000000000000e+02 8.072623636011514447e-01 4.177089091819840422e-02
1.000000000000000000e+03 7.355027176666580901e-01 4.177089091819840422e-02
1.050000000000000000e+03 8.018330331033822755e-01 4.177089091819840422e-02
1.100000000000000000e+03 8.570555408424552768e-01 4.177089091819840422e-02
1.150000000000000000e+03 8.070123268614459722e-01 4.177089091819840422e-02
1.200000000000000000e+03 7.469565638444700673e-01 4.177089091819840422e-02
1.250000000000000000e+03 8.549708506729727375e-01 4.177089091819840422e-02
1.300000000000000000e+03 7.592766740244191181e-01 4.177089091819840422e-02
1.350000000000000000e+03 9.000202407964009721e-01 4.177089091819840422e-02
1.400000000000000000e+03 8.214778891572314112e-01 4.177089091819840422e-02
1.450000000000000000e+03 8.114091652326753668e-01 4.177089091819840422e-02
1.500000000000000000e+03 8.345898663355155733e-01 4.177089091819840422e-02
1.750000000000000000e+03 9.372975569930243056e-01 4.177089091819840422e-02
2.000000000000000000e+03 8.448724363952905270e-01 4.177089091819840422e-02
2.250000000000000000e+03 7.693654762817321302e-01 4.177089091819840422e-02
2.500000000000000000e+03 7.662721693133933698e-01 4.177089091819840422e-02
2.750000000000000000e+03 8.896223948298290773e-01 4.177089091819840422e-02
3.000000000000000000e+03 6.498998030072684617e-01 4.177089091819840422e-02
3.250000000000000000e+03 8.197683760109579776e-01 4.177089091819840422e-02
3.500000000000000000e+03 7.786599061072824179e-01 4.177089091819840422e-02
3.750000000000000000e+03 7.047150625444772443e-01 4.177089091819840422e-02
4.000000000000000000e+03 6.605237188072722310e-01 4.177089091819840422e-02
4.250000000000000000e+03 6.743796683367495604e-01 4.177089091819840422e-02
4.500000000000000000e+03 6.205833256998261049e-01 4.177089091819840422e-02
4.750000000000000000e+03 6.569446460119791054e-01 4.177089091819840422e-02
5.000000000000000000e+03 6.460187503397990527e-01 4.177089091819840422e-02
7.500000000000000000e+03 4.878455609753183930e-01 4.177089091819840422e-02
1.000000000000000000e+04 3.709669466973410934e-01 4.177089091819840422e-02
1.250000000000000000e+04 2.830138862848863845e-01 4.177089091819840422e-02
1.500000000000000000e+04 2.337200460710359695e-01 4.177089091819840422e-02
1.750000000000000000e+04 1.819538934874909974e-01 4.177089091819840422e-02
2.000000000000000000e+04 9.306745832979569644e-02 4.177089091819840422e-02
2.250000000000000000e+04 9.072090632647758501e-02 4.177089091819840422e-02
2.500000000000000000e+04 7.604134377303782555e-02 4.177089091819840422e-02
2.750000000000000000e+04 7.220076015151781490e-02 4.177089091819840422e-02
3.000000000000000000e+04 1.588535658143652440e-01 4.177089091819840422e-02
3.250000000000000000e+04 2.835713374662276326e-02 4.177089091819840422e-02
3.500000000000000000e+04 -1.729305189792549463e-02 4.177089091819840422e-02
3.750000000000000000e+04 3.955652009440580735e-03 4.177089091819840422e-02
4.000000000000000000e+04 8.344870119139639886e-03 4.177089091819840422e-02
4.250000000000000000e+04 7.555975258700320385e-02 4.177089091819840422e-02
4.500000000000000000e+04 1.894462843162929636e-02 4.177089091819840422e-02
4.750000000000000000e+04 -5.950586787039610637e-02 4.177089091819840422e-02
