-2.500000000000000000e+03 -6.042166510567877763e-02 4.416951662605441559e-02
-2.400000000000000000e+03 4.567241872980239842e-02 4.416951662605441559e-02
-2.300000000000000000e+03 4.292737083253029412e-02 4.416951662605441559e-02
-2.200000000000000000e+03 -3.364089050265221814e-02 4.416951662605441559e-02
-2.100000000000000000e+03 -3.015216745832700537e-02 4.416951662605441559e-02
-2.000000000000000000e+03 1.113227812004211753e-02 4.416951662605441559e-02
-1.900000000000000000e+03 5.664056346221617300e-02 4.416951662605441559e-02
-1.800000000000000000e+03 4.166632802002135511e-02 4.416951662605441559e-02
-1.700000000000000000e+03 1.073215856013431425e-02 4.416951662605441559e-02
-1.600000000000000000e+03 8.010847309651221437e-02 4.416951662605441559e-02
-1.500000000000000000e+03 -2.243754523282176852e-03 4.416951662605441559e-02
-1.400000000000000000e+03 1.424698931655327648e-02 4.416951662605441559e-02
-1.300000000000000000e+03 2.443404335412826742e-02 4.416951662605441559e-02
-1.200000000000000000e+03 -6.605060314345026842e-03 4.416951662605441559e-02
-1.100000000000000000e+03 2.131888034564495549e-02 4.416951662605441559e-02
-1.000000000000000000e+03 3.673973161456493830e-02 4.416951662605441559e-02
-9.000000000000000000e+02 1.309991143214220624e-02 4.416951662605441559e-02
-8.000000000000000000e+02 5.058163248249854249e-02 4.416951662605441559e-02
-7.000000000000000000e+02 -4.885438183966021863e-02 4.416951662605441559e-02
-6.000000000000000000e+02 1.089461332775599617e-01 4.416951662605441559e-02
-5.000000000000000000e+02 -1.890513556831393757e-02 4.416951662605441559e-02
-4.500000000000000000e+02 -7.141161662759253070e-02 4.416951662605441559e-02
-4.000000000000000000e+02 4.007515081491061851e-03 4.416951662605441559e-02
-3.500000000000000000e+02 5.892428581183949826e-02 4.416951662605441559e-02
-3.000000000000000000e+02 -2.469231028766259717e-02 4.416951662605441559e-02
-2.500000000000000000e+02 3.774224831191168306e-02 4.416951662605441559e-02
-2.000000000000000000e+02 1.905977188791526389e-01 4.416951662605441559e-02
-1.500000000000000000e+02 3.212263662896335248e-01 4.416951662605441559e-02
-1.000000000000000000e+02 5.866276434173171017e-01 4.416951662605441559e-02
-5.000000000000000000e+01 6.122455642342475857e-01 4.416951662605441559e-02
0.000000000000000000e+00 6.220403523760800191e-01 4.416951662605441559e-02
5.000000000000000000e+01 6.347612367212844831e-01 4.416951662605441559e-02
1.000000000000000000e+02 6.667608915869944752e-01 4.416951662605441559e-02
1.500000000000000000e+02 7.002004711508528212e-01 4.416951662605441559e-02
2.000000000000000000e+02 7.700001566738515768e-01 4.416951662605441559e-02
2.500000000000000000e+02 6.883055615472952748e-01 4.416951662605441559e-02
3.000000000000000000e+02 7.446784161443025241e-01 4.416951662605441559e-02
3.500000000000000000e+02 7.948875247841106217e-01 4.416951662605441559e-02
4.000000000000000000e+02 8.868044865163052792e-01 4.416951662605441559e-02
4.500000000000000000e+02 8.098348036431340935e-01 4.416951662605441559e-02
5.000000000000000000e+02 8.151937221355551877e-01 4.416951662605441559e-02
5.500000000000000000e+02 8.061501954921922453e-01 4.416951662605441559e-02
6.000000000000000000e+02 8.852895223278894887e-01 4.416951662605441559e-02
6.500000000000000000e+02 7.595375212644661644e-01 4.416951662605441559e-02
7.000000000000000000e+02 8.791170172731650467e-01 4.416951662605441559e-02
7.500000000000000000e+02 8.431337259343208990e-01 4.416951662605441559e-02
8.000000000000000000e+02 9.101026033138688298e-01 4.416951662605441559e-02
8.500000000000000000e+02 8.463915774738485220e-01 4.416951662605441559e-02
9.000000000000000000e+02 8.510717635783130453e-01 4.416951662605441559e-02
9.500000000000000000e+02 8.801540504041486246e-01 4.416951662605441559e-02
1.000000000000000000e+03 9.251059971040155316e-01 4.416951662605441559e-02
1.050000000000000000e+03 8.629056308397426989e-01 4.416951662605441559e-02
1.100000000000000000e+03 9.182280825674504765e-01 4.416951662605441559e-02
1.150000000000000000e+03 7.777597500484817461e-01 4.416951662605441559e-02
1.200000000000000000e+03 8.351038905365312237e-01 4.416951662605441559e-02
1.250000000000000000e+03 8.906689202529011196e-01 4.416951662605441559e-02
1.300000000000000000e+03 8.435292271496120931e-01 4.416951662605441559e-02
1.350000000000000000e+03 8.565519832827799274e-01 4.416951662605441559e-02
1.400000000000000000e+03 8.574960693539243062e-01 4.416951662605441559e-02
1.450000000000000000e+03 8.037977149708754876e-01 4.416951662605441559e-02
1.500000000000000000e+03 8.451547935694965208e-01 4.416951662605441559e-02
1.750000000000000000e+03 8.789245174228036417e-01 4.416951662605441559e-02
2.000000000000000000e+03 8.771669190997303245e-01 4.416951662605441559e-02
2.250000000000000000e+03 7.879593426175592885e-01 4.416951662605441559e-02
2.500000000000000000e+03 7.946349723454375624e-01 4.416951662605441559e-02
2.750000000000000000e+03 8.528618990994580873e-01 4.416951662605441559e-02
3.000000000000000000e+03 6.926367546446312584e-01 4.416951662605441559e-02
3.250000000000000000e+03 7.550279557045226353e-01 4.416951662605441559e-02
3.500000000000000000e+03 7.664509899370584023e-01 4.416951662605441559e-02
3.750000000000000000e+03 7.343063110680960737e-01 4.416951662605441559e-02
4.000000000000000000e+03 7.364211572100538561e-01 4.416951662605441559e-02
4.250000000000000000e+03 6.864950266268424750e-01 4.416951662605441559e-02
4.500000000000000000e+03 6.931909965063166590e-01 4.416951662605441559e-02
4.750000000000000000e+03 6.322958005858891894e-01 4.416951662605441559e-02
5.000000000000000000e+03 5.964787390901201691e-01 4.416951662605441559e-02
7.500000000000000000e+03 4.975552379495868927e-01 4.416951662605441559e-02
1.000000000000000000e+04 4.419299377783543759e-01 4.416951662605441559e-02
1.250000000000000000e+04 2.767376387564084439e-01 4.416951662605441559e-02
1.500000000000000000e+04 2.230673402085379953e-01 4.416951662605441559e-02
1.750000000000000000e+04 1.747128381848317702e-01 4.416951662605441559e-02
2.000000000000000000e+04 1.082512051203764758e-01 4.416951662605441559e-02
2.250000000000000000e+04 7.300351780742972418e-02 4.416951662605441559e-02
2.500000000000000000e+04 3.848242054103993837e-02 4.416951662605441559e-02
2.750000000000000000e+04 9.108568629019928031e-02 4.416951662605441559e-02
3.000000000000000000e+04 9.165215521155001266e-02 4.416951662605441559e-02
3.250000000000000000e+04 4.922177007460350889e-02 4.416951662605441559e-02
3.500000000000000000e+04 6.875751546783159807e-02 4.416951662605441559e-02
3.750000000000000000e+04 -1.241017336753861416e-02 4.416951662605441559e-02
4.000000000000000000e+04 6.781820408984852444e-02 4.416951662605441559e-02
4.250000000000000000e+04 3.997468510001636610e-02 4.416951662605441559e-02
4.500000000000000000e+04 5.651210689104670809e-02 4.416951662605441559e-02
4.750000000000000000e+04 4.551735535582261162e-03 4.416951662605441559e-02
