-2.000000000000000000e+00 2.144612956691998099e-02 9.227908562295028538e-02
-1.899999999999999911e+00 -6.434819165446435674e-02 9.227908562295028538e-02
-1.799999999999999822e+00 -1.906078309524998904e-01 9.227908562295028538e-02
-1.699999999999999734e+00 1.692176363478210543e-01 9.227908562295028538e-02
-1.599999999999999645e+00 -4.231047366692761158e-02 9.227908562295028538e-02
-1.499999999999999556e+00 -1.531155091767020526e-01 9.227908562295028538e-02
-1.399999999999999467e+00 7.753747997517647372e-02 9.227908562295028538e-02
-1.299999999999999378e+00 -2.603219582310914090e-02 9.227908562295028538e-02
-1.199999999999999289e+00 2.431456204410510288e-02 9.227908562295028538e-02
-1.099999999999999201e+00 1.140096558581848024e-01 9.227908562295028538e-02
-1.000000000000000000e+00 -8.980772018216107155e-02 9.227908562295028538e-02
-9.499999999999999556e-01 -1.389245705734280523e-01 9.227908562295028538e-02
-8.999999999999999112e-01 -1.565661072938208387e-02 9.227908562295028538e-02
-8.499999999999998668e-01 -6.870657919405533109e-02 9.227908562295028538e-02
-7.999999999999998224e-01 -6.797997740381951128e-03 9.227908562295028538e-02
-7.499999999999997780e-01 -4.886113631030247241e-03 9.227908562295028538e-02
-6.999999999999997335e-01 8.510726060364406931e-02 9.227908562295028538e-02
-6.499999999999996891e-01 -2.704317015394941751e-02 9.227908562295028538e-02
-5.999999999999996447e-01 -3.969289639872326109e-02 9.227908562295028538e-02
-5.499999999999996003e-01 1.371640275429612532e-01 9.227908562295028538e-02
-4.999999999999995559e-01 1.967253393544296514e-01 9.227908562295028538e-02
-4.499999999999995115e-01 -1.393498271518929521e-01 9.227908562295028538e-02
-3.999999999999994671e-01 -1.175690645795975098e-01 9.227908562295028538e-02
-3.499999999999994227e-01 7.767589031108637632e-02 9.227908562295028538e-02
-2.999999999999993783e-01 -4.557610186722887285e-02 9.227908562295028538e-02
-2.499999999999993339e-01 7.579072766142858075e-02 9.227908562295028538e-02
-1.999999999999992895e-01 1.925066461258969075e-01 9.227908562295028538e-02
-1.499999999999992450e-01 3.786350120508668593e-01 9.227908562295028538e-02
-9.999999999999920064e-02 2.519004058935275236e-01 9.227908562295028538e-02
-4.999999999999915623e-02 7.823072840875507916e-01 9.227908562295028538e-02
8.881784197001252323e-16 6.929636240820293835e-01 9.227908562295028538e-02
5.000000000000093259e-02 6.750021373774658384e-01 9.227908562295028538e-02
1.000000000000009770e-01 7.846124689648940054e-01 9.227908562295028538e-02
1.500000000000010214e-01 7.834451281679638557e-01 9.227908562295028538e-02
2.000000000000010658e-01 8.461722791556776091e-01 9.227908562295028538e-02
2.500000000000011102e-01 7.343882700685130382e-01 9.227908562295028538e-02
3.000000000000011546e-01 9.923635760868321221e-01 9.227908562295028538e-02
3.500000000000011990e-01 8.277972367910599871e-01 9.227908562295028538e-02
4.000000000000012434e-01 9.968526275391746960e-01 9.227908562295028538e-02
4.500000000000012879e-01 9.110239339276315906e-01 9.227908562295028538e-02
5.000000000000013323e-01 9.760280745442594386e-01 9.227908562295028538e-02
5.500000000000013767e-01 7.972469392318068948e-01 9.227908562295028538e-02
6.000000000000014211e-01 7.821289833050680818e-01 9.227908562295028538e-02
6.500000000000014655e-01 9.799596415745344125e-01 9.227908562295028538e-02
7.000000000000015099e-01 9.837938806039114858e-01 9.227908562295028538e-02
7.500000000000015543e-01 8.587828513192308222e-01 9.227908562295028538e-02
8.000000000000015987e-01 8.421486742213277754e-01 9.227908562295028538e-02
8.500000000000016431e-01 8.949481467489138753e-01 9.227908562295028538e-02
9.000000000000016875e-01 9.492097379379896838e-01 9.227908562295028538e-02
9.500000000000017319e-01 1.053773965858022965e+00 9.227908562295028538e-02
1.000000000000000000e+00 8.714054148695850044e-01 9.227908562295028538e-02
2.000000000000000000e+00 9.894414132527447059e-01 9.227908562295028538e-02
3.000000000000000000e+00 8.176709064059356491e-01 9.227908562295028538e-02
4.000000000000000000e+00 9.415048589455770056e-01 9.227908562295028538e-02
5.000000000000000000e+00 9.380520372662128903e-01 9.227908562295028538e-02
6.000000000000000000e+00 1.098804934404503886e+00 9.227908562295028538e-02
7.000000000000000000e+00 9.872674545635290455e-01 9.227908562295028538e-02
8.000000000000000000e+00 7.898485005653403945e-01 9.227908562295028538e-02
9.000000000000000000e+00 9.329571999631174339e-01 9.227908562295028538e-02
1.000000000000000000e+01 7.123870772763851722e-01 9.227908562295028538e-02
2.000000000000000000e+01 6.345651190579713052e-01 9.227908562295028538e-02
3.000000000000000000e+01 8.248569708858120020e-01 9.227908562295028538e-02
4.000000000000000000e+01 6.649660408289655988e-01 9.227908562295028538e-02
5.000000000000000000e+01 8.741225439383613072e-01 9.227908562295028538e-02
6.000000000000000000e+01 7.235758607655218277e-01 9.227908562295028538e-02
7.000000000000000000e+01 8.845043682758935155e-01 9.227908562295028538e-02
8.000000000000000000e+01 8.828120422575669313e-01 9.227908562295028538e-02
9.000000000000000000e+01 8.575264463638555545e-01 9.227908562295028538e-02
1.000000000000000000e+02 8.815650159046122258e-01 9.227908562295028538e-02
2.000000000000000000e+02 7.146275187478275948e-01 9.227908562295028538e-02
3.000000000000000000e+02 5.965232399751437820e-01 9.227908562295028538e-02
4.000000000000000000e+02 5.240598616010407884e-01 9.227908562295028538e-02
5.000000000000000000e+02 4.892318244715135322e-01 9.227908562295028538e-02
6.000000000000000000e+02 3.952669947286001628e-01 9.227908562295028538e-02
7.000000000000000000e+02 3.512827480400771418e-01 9.227908562295028538e-02
8.000000000000000000e+02 2.593503797673332167e-01 9.227908562295028538e-02
9.000000000000000000e+02 4.634821498384366634e-01 9.227908562295028538e-02
1.000000000000000000e+03 2.908555372775411541e-01 9.227908562295028538e-02
1.100000000000000000e+03 1.399388556143461027e-01 9.227908562295028538e-02
1.200000000000000000e+03 3.361698060600484261e-01 9.227908562295028538e-02
1.300000000000000000e+03 1.122033787673185345e-01 9.227908562295028538e-02
1.400000000000000000e+03 -3.760328128622897337e-02 9.227908562295028538e-02
