-2.000000000000000000e+00 -1.363597560290764343e-01 9.972262587559369007e-02
-1.899999999999999911e+00 1.430336065801216527e-01 9.972262587559369007e-02
-1.799999999999999822e+00 1.444735769496499232e-03 9.972262587559369007e-02
-1.699999999999999734e+00 -6.241705612447603913e-02 9.972262587559369007e-02
-1.599999999999999645e+00 -1.257156164035453105e-01 9.972262587559369007e-02
-1.499999999999999556e+00 -8.495984043130878904e-02 9.972262587559369007e-02
-1.399999999999999467e+00 -7.524341170048186311e-02 9.972262587559369007e-02
-1.299999999999999378e+00 -6.514006954314575937e-02 9.972262587559369007e-02
-1.199999999999999289e+00 -5.018097938040935735e-02 9.972262587559369007e-02
-1.099999999999999201e+00 -2.240295304177516433e-01 9.972262587559369007e-02
-1.000000000000000000e+00 8.179693893453569842e-02 9.972262587559369007e-02
-9.499999999999999556e-01 -1.805208897485283126e-01 9.972262587559369007e-02
-8.999999999999999112e-01 -7.259797074911784887e-02 9.972262587559369007e-02
-8.499999999999998668e-01 -2.323407542262265757e-01 9.972262587559369007e-02
-7.999999999999998224e-01 -1.329286714994416529e-01 9.972262587559369007e-02
-7.499999999999997780e-01 3.179574537203216922e-02 9.972262587559369007e-02
-6.999999999999997335e-01 -1.965057434659065461e-01 9.972262587559369007e-02
-6.499999999999996891e-01 3.938201120806170130e-02 9.972262587559369007e-02
-5.999999999999996447e-01 5.114223258673325501e-02 9.972262587559369007e-02
-5.499999999999996003e-01 1.698059121554561235e-01 9.972262587559369007e-02
-4.999999999999995559e-01 -7.233524909927172009e-02 9.972262587559369007e-02
-4.499999999999995115e-01 6.489781116718618126e-02 9.972262587559369007e-02
-3.999999999999994671e-01 1.061608387575080185e-02 9.972262587559369007e-02
-3.499999999999994227e-01 5.070942283757808033e-02 9.972262587559369007e-02
-2.999999999999993783e-01 1.038660706214357410e-01 9.972262587559369007e-02
-2.499999999999993339e-01 -1.035975761672475737e-01 9.972262587559369007e-02
-1.999999999999992895e-01 -2.212857673153297844e-01 9.972262587559369007e-02
-1.499999999999992450e-01 4.549733366085000064e-02 9.972262587559369007e-02
-9.999999999999920064e-02 7.853456885498862061e-02 9.972262587559369007e-02
-4.999999999999915623e-02 3.807214486446503510e-01 9.972262587559369007e-02
8.881784197001252323e-16 3.741741574967233364e-01 9.972262587559369007e-02
5.000000000000093259e-02 7.061806503123116974e-01 9.972262587559369007e-02
1.000000000000009770e-01 7.350960378636940407e-01 9.972262587559369007e-02
1.500000000000010214e-01 7.583741947652673510e-01 9.972262587559369007e-02
2.000000000000010658e-01 7.910084747415595530e-01 9.972262587559369007e-02
2.500000000000011102e-01 8.093345555423434590e-01 9.972262587559369007e-02
3.000000000000011546e-01 8.141480350541707711e-01 9.972262587559369007e-02
3.500000000000011990e-01 1.066894034717280837e+00 9.972262587559369007e-02
4.000000000000012434e-01 9.398673519847926539e-01 9.972262587559369007e-02
4.500000000000012879e-01 1.036639290602160202e+00 9.972262587559369007e-02
5.000000000000013323e-01 8.352468793519502999e-01 9.972262587559369007e-02
5.500000000000013767e-01 9.055465303761560669e-01 9.972262587559369007e-02
6.000000000000014211e-01 8.262956447171461161e-01 9.972262587559369007e-02
6.500000000000014655e-01 9.197363539707861246e-01 9.972262587559369007e-02
7.000000000000015099e-01 9.304213036728178343e-01 9.972262587559369007e-02
7.500000000000015543e-01 9.603670651614159004e-01 9.972262587559369007e-02
8.000000000000015987e-01 1.099550911154672850e+00 9.972262587559369007e-02
8.500000000000016431e-01 9.334378078500470410e-01 9.972262587559369007e-02
9.000000000000016875e-01 9.750768775855340742e-01 9.972262587559369007e-02
9.500000000000017319e-01 9.493096180053595123e-01 9.972262587559369007e-02
1.000000000000000000e+00 1.111809026001308265e+00 9.972262587559369007e-02
2.000000000000000000e+00 1.039711165902822199e+00 9.972262587559369007e-02
3.000000000000000000e+00 1.113174114209848131e+00 9.972262587559369007e-02
4.000000000000000000e+00 9.969925702536364120e-01 9.972262587559369007e-02
5.000000000000000000e+00 8.872151927607838662e-01 9.972262587559369007e-02
6.000000000000000000e+00 9.269535933197777799e-01 9.972262587559369007e-02
7.000000000000000000e+00 1.043609376344427853e+00 9.972262587559369007e-02
8.000000000000000000e+00 9.597187445158905650e-01 9.972262587559369007e-02
9.000000000000000000e+00 8.366889672612219941e-01 9.972262587559369007e-02
1.000000000000000000e+01 9.358463210310251634e-01 9.972262587559369007e-02
2.000000000000000000e+01 8.927083489216099954e-01 9.972262587559369007e-02
3.000000000000000000e+01 8.865733287397149498e-01 9.972262587559369007e-02
4.000000000000000000e+01 1.078535446364702111e+00 9.972262587559369007e-02
5.000000000000000000e+01 9.318020806675615386e-01 9.972262587559369007e-02
6.000000000000000000e+01 8.675283134904073767e-01 9.972262587559369007e-02
7.000000000000000000e+01 9.621426779483515102e-01 9.972262587559369007e-02
8.000000000000000000e+01 7.587766822669018696e-01 9.972262587559369007e-02
9.000000000000000000e+01 7.300559529844735662e-01 9.972262587559369007e-02
1.000000000000000000e+02 1.026723070077303568e+00 9.972262587559369007e-02
2.000000000000000000e+02 7.000093497430049938e-01 9.972262587559369007e-02
3.000000000000000000e+02 5.788193991482022405e-01 9.972262587559369007e-02
4.000000000000000000e+02 5.181815032279994959e-01 9.972262587559369007e-02
5.000000000000000000e+02 5.344898831723140509e-01 9.972262587559369007e-02
6.000000000000000000e+02 3.389489773033194653e-01 9.972262587559369007e-02
7.000000000000000000e+02 4.402583666856495492e-01 9.972262587559369007e-02
8.000000000000000000e+02 4.558861737365654809e-01 9.972262587559369007e-02
9.000000000000000000e+02 3.804649050046627901e-01 9.972262587559369007e-02
1.000000000000000000e+03 1.995067110604481497e-01 9.972262587559369007e-02
1.100000000000000000e+03 1.838889912387892123e-01 9.972262587559369007e-02
1.200000000000000000e+03 1.696137591905497732e-01 9.972262587559369007e-02
1.300000000000000000e+03 3.888463178323617875e-01 9.972262587559369007e-02
1.400000000000000000e+03 1.967261860638372106e-01 9.972262587559369007e-02
