-2.000000000000000000e+00 -5.821852962107933183e-02 2.641714704110455572e-02
-1.899999999999999911e+00 -8.702408798492152625e-03 2.641714704110455572e-02
-1.799999999999999822e+00 -1.060731959272950657e-02 2.641714704110455572e-02
-1.699999999999999734e+00 2.068379496081814567e-02 2.641714704110455572e-02
-1.599999999999999645e+00 6.744035218938164433e-02 2.641714704110455572e-02
-1.499999999999999556e+00 -4.281592328264782060e-02 2.641714704110455572e-02
-1.399999999999999467e+00 1.548573606628775995e-03 2.641714704110455572e-02
-1.299999999999999378e+00 -2.170888155011214266e-02 2.641714704110455572e-02
-1.199999999999999289e+00 -1.707229129957748420e-02 2.641714704110455572e-02
-1.099999999999999201e+00 -2.636062198561400435e-02 2.641714704110455572e-02
-1.000000000000000000e+00 -4.914107620536381504e-02 2.641714704110455572e-02
-9.499999999999999556e-01 3.885216641609814253e-02 2.641714704110455572e-02
-8.999999999999999112e-01 3.168037598994048049e-02 2.641714704110455572e-02
-8.499999999999998668e-01 -7.916389768453473835e-03 2.641714704110455572e-02
-7.999999999999998224e-01 2.009043593200771777e-02 2.641714704110455572e-02
-7.499999999999997780e-01 -2.286496000561713711e-03 2.641714704110455572e-02
-6.999999999999997335e-01 2.367326920760959297e-02 2.641714704110455572e-02
-6.499999999999996891e-01 -1.304019752583416084e-02 2.641714704110455572e-02
-5.999999999999996447e-01 -9.974288402821812616e-02 2.641714704110455572e-02
-5.499999999999996003e-01 3.129519045378534314e-02 2.641714704110455572e-02
-4.999999999999995559e-01 4.907944164875158166e-02 2.641714704110455572e-02
-4.499999999999995115e-01 1.404685675498355997e-02 2.641714704110455572e-02
-3.999999999999994671e-01 -1.221255799260470174e-03 2.641714704110455572e-02
-3.499999999999994227e-01 3.026532390092767644e-02 2.641714704110455572e-02
-2.999999999999993783e-01 -2.634984119875693337e-02 2.641714704110455572e-02
-2.499999999999993339e-01 -3.686933246448521884e-02 2.641714704110455572e-02
-1.999999999999992895e-01 -1.508255230959971438e-01 2.641714704110455572e-02
-1.499999999999992450e-01 -2.247775544549787952e-01 2.641714704110455572e-02
-9.999999999999920064e-02 -2.347882168372945888e-01 2.641714704110455572e-02
-4.999999999999915623e-02 -2.277691317470594834e-01 2.641714704110455572e-02
8.881784197001252323e-16 -1.654799596726785615e-01 2.641714704110455572e-02
5.000000000000093259e-02 -1.359760057072401107e-01 2.641714704110455572e-02
1.000000000000009770e-01 -9.028181920211000855e-02 2.641714704110455572e-02
1.500000000000010214e-01 -3.500223805193133919e-02 2.641714704110455572e-02
2.000000000000010658e-01 -9.737273800663308332e-02 2.641714704110455572e-02
2.500000000000011102e-01 -4.557578886376143640e-02 2.641714704110455572e-02
3.000000000000011546e-01 -1.558970793285723369e-03 2.641714704110455572e-02
3.500000000000011990e-01 3.788102233715891914e-03 2.641714704110455572e-02
4.000000000000012434e-01 5.404903404996122540e-02 2.641714704110455572e-02
4.500000000000012879e-01 2.250331130535912494e-02 2.641714704110455572e-02
5.000000000000013323e-01 6.859631673455791889e-02 2.641714704110455572e-02
5.500000000000013767e-01 7.418419355738614662e-02 2.641714704110455572e-02
6.000000000000014211e-01 2.975101785176305358e-02 2.641714704110455572e-02
6.500000000000014655e-01 9.298224024815113231e-02 2.641714704110455572e-02
7.000000000000015099e-01 4.768460509523073099e-02 2.641714704110455572e-02
7.500000000000015543e-01 8.262582557728836985e-02 2.641714704110455572e-02
8.000000000000015987e-01 6.606698032188845771e-02 2.641714704110455572e-02
8.500000000000016431e-01 7.076935326401168069e-02 2.641714704110455572e-02
9.000000000000016875e-01 7.321762128628665767e-02 2.641714704110455572e-02
9.500000000000017319e-01 6.147097687529181481e-02 2.641714704110455572e-02
1.000000000000000000e+00 5.924043167288373102e-02 2.641714704110455572e-02
2.000000000000000000e+00 5.168535922818134898e-02 2.641714704110455572e-02
3.000000000000000000e+00 7.185626165597375214e-02 2.641714704110455572e-02
4.000000000000000000e+00 1.016361312023112556e-02 2.641714704110455572e-02
5.000000000000000000e+00 6.847224425596530606e-02 2.641714704110455572e-02
6.000000000000000000e+00 1.373080279958958233e-02 2.641714704110455572e-02
7.000000000000000000e+00 6.161600137313617831e-02 2.641714704110455572e-02
8.000000000000000000e+00 5.424680453906674527e-02 2.641714704110455572e-02
9.000000000000000000e+00 7.692575954942003358e-02 2.641714704110455572e-02
1.000000000000000000e+01 5.141952623060642297e-02 2.641714704110455572e-02
2.000000000000000000e+01 1.005587087911959665e-01 2.641714704110455572e-02
3.000000000000000000e+01 7.581669817932859545e-03 2.641714704110455572e-02
4.000000000000000000e+01 8.078952996496008288e-02 2.641714704110455572e-02
5.000000000000000000e+01 1.714109750317126257e-02 2.641714704110455572e-02
6.000000000000000000e+01 1.571473230686087560e-02 2.641714704110455572e-02
7.000000000000000000e+01 -1.275187150268040914e-02 2.641714704110455572e-02
8.000000000000000000e+01 2.548219747685678133e-03 2.641714704110455572e-02
9.000000000000000000e+01 8.991003966239786982e-03 2.641714704110455572e-02
1.000000000000000000e+02 4.205131341744257345e-02 2.641714704110455572e-02
2.000000000000000000e+02 1.941533413408785824e-02 2.641714704110455572e-02
3.000000000000000000e+02 -5.397588994792051897e-02 2.641714704110455572e-02
4.000000000000000000e+02 -7.860134495651693864e-02 2.641714704110455572e-02
5.000000000000000000e+02 -7.777722933323753807e-02 2.641714704110455572e-02
6.000000000000000000e+02 -2.569939927049719186e-02 2.641714704110455572e-02
7.000000000000000000e+02 -5.698635201173461728e-02 2.641714704110455572e-02
8.000000000000000000e+02 -6.599161072922336835e-02 2.641714704110455572e-02
9.000000000000000000e+02 -3.246957116564701262e-02 2.641714704110455572e-02
1.000000000000000000e+03 -4.493123543714061530e-02 2.641714704110455572e-02
1.100000000000000000e+03 -1.086345002286501493e-01 2.641714704110455572e-02
1.200000000000000000e+03 -9.389797754694492737e-02 2.641714704110455572e-02
1.300000000000000000e+03 -5.830417357345678980e-02 2.641714704110455572e-02
1.400000000000000000e+03 -5.804617690837522714e-02 2.641714704110455572e-02
