-2.000000000000000000e+00 -3.532595621378389200e-02 2.619519514284104206e-02
-1.899999999999999911e+00 2.419734654660699036e-02 2.619519514284104206e-02
-1.799999999999999822e+00 -2.903981703886033758e-02 2.619519514284104206e-02
-1.699999999999999734e+00 -2.433491993065204154e-02 2.619519514284104206e-02
-1.599999999999999645e+00 9.088178858668097271e-03 2.619519514284104206e-02
-1.499999999999999556e+00 3.006503837953162714e-02 2.619519514284104206e-02
-1.399999999999999467e+00 3.186470415442184401e-02 2.619519514284104206e-02
-1.299999999999999378e+00 -2.338360410533001955e-03 2.619519514284104206e-02
-1.199999999999999289e+00 -2.871315767857530316e-02 2.619519514284104206e-02
-1.099999999999999201e+00 1.949710711822267434e-02 2.619519514284104206e-02
-1.000000000000000000e+00 -5.124041396869637166e-02 2.619519514284104206e-02
-9.499999999999999556e-01 3.050970153975276350e-02 2.619519514284104206e-02
-8.999999999999999112e-01 -8.992103157969326410e-03 2.619519514284104206e-02
-8.499999999999998668e-01 2.690349927275993355e-02 2.619519514284104206e-02
-7.999999999999998224e-01 2.374099719767287092e-02 2.619519514284104206e-02
-7.499999999999997780e-01 -2.840423017558576374e-02 2.619519514284104206e-02
-6.999999999999997335e-01 3.775291822847788234e-03 2.619519514284104206e-02
-6.499999999999996891e-01 -3.957881821081488290e-03 2.619519514284104206e-02
-5.999999999999996447e-01 6.917032845728685042e-03 2.619519514284104206e-02
-5.499999999999996003e-01 -9.907936724720197916e-03 2.619519514284104206e-02
-4.999999999999995559e-01 -2.319026877798671671e-02 2.619519514284104206e-02
-4.499999999999995115e-01 -2.282472601665227682e-02 2.619519514284104206e-02
-3.999999999999994671e-01 -7.711673928191631680e-03 2.619519514284104206e-02
-3.499999999999994227e-01 -3.866470362391219353e-03 2.619519514284104206e-02
-2.999999999999993783e-01 6.308427937489316517e-02 2.619519514284104206e-02
-2.499999999999993339e-01 8.058057046286185021e-02 2.619519514284104206e-02
-1.999999999999992895e-01 1.486099650679853501e-01 2.619519514284104206e-02
-1.499999999999992450e-01 2.316996105593782940e-01 2.619519514284104206e-02
-9.999999999999920064e-02 2.849953660987964432e-01 2.619519514284104206e-02
-4.999999999999915623e-02 2.217619615265958855e-01 2.619519514284104206e-02
8.881784197001252323e-16 1.260403262341897590e-01 2.619519514284104206e-02
5.000000000000093259e-02 3.095259741451919511e-02 2.619519514284104206e-02
1.000000000000009770e-01 7.145839295465929164e-02 2.619519514284104206e-02
1.500000000000010214e-01 3.108223976725528470e-02 2.619519514284104206e-02
2.000000000000010658e-01 7.188779780076579029e-02 2.619519514284104206e-02
2.500000000000011102e-01 3.883414429607601887e-02 2.619519514284104206e-02
3.000000000000011546e-01 -2.214995618922467602e-02 2.619519514284104206e-02
3.500000000000011990e-01 -4.940731723426436406e-02 2.619519514284104206e-02
4.000000000000012434e-01 -3.338797774231945514e-02 2.619519514284104206e-02
4.500000000000012879e-01 -7.684881041686450476e-02 2.619519514284104206e-02
5.000000000000013323e-01 -7.115081709209435112e-02 2.619519514284104206e-02
5.500000000000013767e-01 -1.135603523768537876e-02 2.619519514284104206e-02
6.000000000000014211e-01 -1.170573724546569716e-03 2.619519514284104206e-02
6.500000000000014655e-01 -2.145233731756485129e-02 2.619519514284104206e-02
7.000000000000015099e-01 -7.924625610299979028e-02 2.619519514284104206e-02
7.500000000000015543e-01 -8.043771903069314722e-02 2.619519514284104206e-02
8.000000000000015987e-01 -7.489372438956802547e-02 2.619519514284104206e-02
8.500000000000016431e-01 -5.021771781426999370e-02 2.619519514284104206e-02
9.000000000000016875e-01 -7.234963265598688686e-02 2.619519514284104206e-02
9.500000000000017319e-01 -5.005446392774663689e-02 2.619519514284104206e-02
1.000000000000000000e+00 -4.505985039048032714e-02 2.619519514284104206e-02
2.000000000000000000e+00 -7.133028375841525548e-02 2.619519514284104206e-02
3.000000000000000000e+00 -5.527891294094219865e-02 2.619519514284104206e-02
4.000000000000000000e+00 -7.469465471766691123e-02 2.619519514284104206e-02
5.000000000000000000e+00 -1.461439288328534869e-01 2.619519514284104206e-02
6.000000000000000000e+00 -5.230479439148615767e-02 2.619519514284104206e-02
7.000000000000000000e+00 -1.898463274863158162e-02 2.619519514284104206e-02
8.000000000000000000e+00 -7.742631510697156605e-02 2.619519514284104206e-02
9.000000000000000000e+00 -3.705061487068272985e-02 2.619519514284104206e-02
1.000000000000000000e+01 -6.574832068702755883e-02 2.619519514284104206e-02
2.000000000000000000e+01 -6.129128585778984700e-02 2.619519514284104206e-02
3.000000000000000000e+01 -3.214254658980573998e-02 2.619519514284104206e-02
4.000000000000000000e+01 -5.157431559890453959e-02 2.619519514284104206e-02
5.000000000000000000e+01 -4.463001810585494333e-02 2.619519514284104206e-02
6.000000000000000000e+01 -6.881895562458320570e-02 2.619519514284104206e-02
7.000000000000000000e+01 -6.889803799819547991e-02 2.619519514284104206e-02
8.000000000000000000e+01 -1.736990543170366386e-02 2.619519514284104206e-02
9.000000000000000000e+01 -2.760579749872115948e-02 2.619519514284104206e-02
1.000000000000000000e+02 -2.973891142938378182e-02 2.619519514284104206e-02
2.000000000000000000e+02 3.757578257201820565e-02 2.619519514284104206e-02
3.000000000000000000e+02 2.287972140855419265e-02 2.619519514284104206e-02
4.000000000000000000e+02 7.667454117635118249e-02 2.619519514284104206e-02
5.000000000000000000e+02 3.996371517692565156e-02 2.619519514284104206e-02
6.000000000000000000e+02 9.544982166210624897e-02 2.619519514284104206e-02
7.000000000000000000e+02 7.465819250765085013e-02 2.619519514284104206e-02
8.000000000000000000e+02 5.696228327174621825e-02 2.619519514284104206e-02
9.000000000000000000e+02 1.066495285129629850e-01 2.619519514284104206e-02
1.000000000000000000e+03 6.471606337200633274e-02 2.619519514284104206e-02
1.100000000000000000e+03 4.902158089115797590e-02 2.619519514284104206e-02
1.200000000000000000e+03 9.737590021921789518e-02 2.619519514284104206e-02
1.300000000000000000e+03 5.027985057875596769e-02 2.619519514284104206e-02
1.400000000000000000e+03 7.729344587238368147e-02 2.619519514284104206e-02
