2.350000000000000000e+02 1.284000000000000030e+00
6.610000000000000000e+02 8.030000000000000471e-01
9.170000000000000000e+02 1.726900000000000102e+00
1.181000000000000000e+03 4.657799999999999940e+00
1.298000000000000000e+03 8.251699999999999591e+00
1.348000000000000000e+03 4.190999999999999837e+00
1.501000000000000000e+03 1.215600000000000014e+00
1.688000000000000000e+03 6.839400000000000368e+00
3.172000000000000000e+03 1.090140000000000065e+01
3.178000000000000000e+03 1.649840000000000018e+01
3.195000000000000000e+03 7.332299999999999329e+01
6.180000000000000000e+02 8.170899999999999608e+00
8.260000000000000000e+02 4.100000000000000346e-03
1.036000000000000000e+03 3.928700000000000081e+00
1.175000000000000000e+03 1.298200000000000021e+00
1.200000000000000000e+03 1.647699999999999942e+00
1.394000000000000000e+03 4.004999999999999893e+00
1.433000000000000000e+03 5.812000000000000499e-01
1.501000000000000000e+03 1.871099999999999985e+00
1.597000000000000000e+03 4.440199999999999925e+00
3.181000000000000000e+03 2.999999999999999737e-04
3.208000000000000000e+03 7.739369999999999550e+01
9.200000000000000000e+01 8.536000000000000254e-01
3.880000000000000000e+02 8.039999999999999925e-02
4.840000000000000000e+02 1.281000000000000050e+01
7.460000000000000000e+02 5.969010000000000105e+01
8.920000000000000000e+02 5.549869999999999948e+01
9.620000000000000000e+02 6.134699999999999598e+00
