# time_delay	fit_example_osc_1	fit_example_osc_2	fit_example_osc_3	fit_example_osc_4
-2.00000000e+00 0.00000000e+00 0.00000000e+00 0.00000000e+00 0.00000000e+00
-1.80000000e+00 0.00000000e+00 0.00000000e+00 0.00000000e+00 0.00000000e+00
-1.60000000e+00 3.23579197e-298 0.00000000e+00 -7.39633504e-294 0.00000000e+00
-1.40000000e+00 3.53647555e-227 0.00000000e+00 -2.03062063e-223 4.93164096e-304
-1.20000000e+00 7.30873166e-166 1.01370833e-276 -1.05432164e-162 2.78539526e-232
-1.00000000e+00 2.87983038e-114 1.57578470e-208 -1.04388552e-111 2.97329007e-170
-9.80000000e-01 1.21488275e-109 3.03298164e-202 -3.83567926e-107 1.38482369e-164
-9.60000000e-01 4.09797150e-105 4.66681546e-196 -1.12693867e-102 5.15647733e-159
-9.40000000e-01 1.10529725e-100 5.74054054e-190 -2.64749676e-98 1.53503300e-153
-9.20000000e-01 2.38382226e-96 5.64507599e-184 -4.97344012e-94 3.65336531e-148
-9.00000000e-01 4.11114625e-92 4.43787784e-178 -7.47092563e-90 6.95159283e-143
-8.80000000e-01 5.66965430e-88 2.78915937e-172 -8.97425573e-86 1.05753985e-137
-8.60000000e-01 6.25267537e-84 1.40141848e-166 -8.62065303e-82 1.28628141e-132
-8.40000000e-01 5.51445619e-80 5.62941376e-161 -6.62234182e-78 1.25085813e-127
-8.20000000e-01 3.88937437e-76 1.80785605e-155 -4.06841857e-74 9.72566391e-123
-8.00000000e-01 2.19386937e-72 4.64167401e-150 -1.99892344e-70 6.04611365e-118
-7.80000000e-01 9.89715855e-69 9.52797403e-145 -7.85485507e-67 3.00528954e-113
-7.60000000e-01 3.57104244e-65 1.56367660e-139 -2.46869745e-63 1.19441944e-108
-7.40000000e-01 1.03057952e-61 2.05172601e-134 -6.20587138e-60 3.79573581e-104
-7.20000000e-01 2.37896893e-58 2.15240389e-129 -1.24784864e-56 9.64522224e-100
-7.00000000e-01 4.39275716e-55 1.80537088e-124 -2.00708600e-53 1.95981369e-95
-6.80000000e-01 6.48857010e-52 1.21074869e-119 -2.58248341e-50 3.18429570e-91
-6.60000000e-01 7.66740599e-49 6.49222485e-115 -2.65828314e-47 4.13731407e-87
-6.40000000e-01 7.24873388e-46 2.78350862e-110 -2.18919315e-44 4.29874100e-83
-6.20000000e-01 5.48301309e-43 9.54243121e-106 -1.44249974e-41 3.57185455e-79
-6.00000000e-01 3.31857773e-40 2.61578143e-101 -7.60552020e-39 2.37349792e-75
-5.80000000e-01 1.60729583e-37 5.73361955e-97 -3.20892647e-36 1.26136403e-71
-5.60000000e-01 6.23002983e-35 1.00496509e-92 -1.08354849e-33 5.36121858e-68
-5.40000000e-01 1.93276353e-32 1.40856896e-88 -2.92845996e-31 1.82252826e-64
-5.20000000e-01 4.79966041e-30 1.57877910e-84 -6.33552224e-29 4.95553160e-61
-5.00000000e-01 9.54201965e-28 1.41511791e-80 -1.09732086e-26 1.07778091e-57
-4.80000000e-01 1.51890224e-25 1.01438934e-76 -1.52179413e-24 1.87506221e-54
-4.60000000e-01 1.93619390e-23 5.81528842e-73 -1.69013146e-22 2.60956671e-51
-4.40000000e-01 1.97686357e-21 2.66628895e-69 -1.50351728e-20 2.90544937e-48
-4.20000000e-01 1.61697757e-19 9.77751653e-66 -1.07154987e-18 2.58807842e-45
-4.00000000e-01 1.05982674e-17 2.86782498e-62 -6.11982416e-17 1.84455009e-42
-3.80000000e-01 5.56787824e-16 6.72819061e-59 -2.80163413e-15 1.05192578e-39
-3.60000000e-01 2.34535566e-14 1.26265861e-55 -1.02842706e-13 4.80062232e-37
-3.40000000e-01 7.92421298e-13 1.89556167e-52 -3.02826448e-12 1.75334707e-34
-3.20000000e-01 2.14845476e-11 2.27655717e-49 -7.15602471e-11 5.12555396e-32
-3.00000000e-01 4.67681755e-10 2.18743196e-46 -1.35783075e-09 1.19940590e-29
-2.80000000e-01 8.17913436e-09 1.68164840e-43 -2.07015086e-08 2.24698395e-27
-2.60000000e-01 1.15010001e-07 1.03445778e-40 -2.53799009e-07 3.37058460e-25
-2.40000000e-01 1.30152212e-06 5.09217045e-38 -2.50460352e-06 4.04905178e-23
-2.20000000e-01 1.18678835e-05 2.00606602e-35 -1.99197707e-05 3.89605834e-21
-2.00000000e-01 8.73281088e-05 6.32533631e-33 -1.27879647e-04 3.00340874e-19
-1.80000000e-01 5.19552447e-04 1.59649382e-30 -6.63979749e-04 1.85535535e-17
-1.60000000e-01 2.50544000e-03 3.22590177e-28 -2.79555191e-03 9.18728234e-16
-1.40000000e-01 9.82535422e-03 5.21912031e-26 -9.57679913e-03 3.64786215e-14
-1.20000000e-01 3.14729491e-02 6.76201090e-24 -2.68160311e-02 1.16185074e-12
-1.00000000e-01 8.28425341e-02 7.01724295e-22 -6.17554173e-02 2.96977167e-11
-8.00000000e-02 1.80662821e-01 5.83391807e-20 -1.17959753e-01 6.09530803e-10
-6.00000000e-02 3.30150337e-01 3.88652958e-18 -1.89059774e-01 1.00520890e-08
-4.00000000e-02 5.13488854e-01 2.07535558e-16 -2.58272411e-01 1.33307967e-07
-2.00000000e-02 6.93952364e-01 8.88572515e-15 -3.06968748e-01 1.42307398e-06
8.88178420e-16 8.36521325e-01 3.05160506e-13 -3.25562780e-01 1.22436206e-05
2.00000000e-02 9.26925041e-01 8.40996597e-12 -3.16876268e-01 8.50325388e-05
4.00000000e-02 9.72946292e-01 1.86090223e-10 -2.90691557e-01 4.77669722e-04
6.00000000e-02 9.91768068e-01 3.30823726e-09 -2.56494639e-01 2.17608548e-03
8.00000000e-02 9.97971002e-01 4.72883820e-08 -2.20098126e-01 8.06743066e-03
1.00000000e-01 9.99641053e-01 5.44021698e-07 -1.84041267e-01 2.44527141e-02
1.20000000e-01 1.00003441e+00 5.04317231e-06 -1.49132137e-01 6.09822895e-02
1.40000000e-01 1.00014291e+00 3.77290089e-05 -1.15536983e-01 1.26226495e-01
1.60000000e-01 1.00019980e+00 2.28230113e-04 -8.32463608e-02 2.19476615e-01
1.80000000e-01 1.00024797e+00 1.11915367e-03 -5.22154319e-02 3.25871455e-01
2.00000000e-01 1.00029368e+00 4.46341705e-03 -2.23952692e-02 4.22247961e-01
2.20000000e-01 1.00033769e+00 1.45424233e-02 6.26187194e-03 4.90589265e-01
2.40000000e-01 1.00038014e+00 3.89420980e-02 3.38019249e-02 5.26913488e-01
2.60000000e-01 1.00042108e+00 8.64198159e-02 6.02690136e-02 5.38845199e-01
2.80000000e-01 1.00046058e+00 1.60759579e-01 8.57055179e-02 5.37165161e-01
3.00000000e-01 1.00049869e+00 2.54617762e-01 1.10152143e-01 5.29790157e-01
3.20000000e-01 1.00053546e+00 3.50565920e-01 1.33647985e-01 5.20698064e-01
3.40000000e-01 1.00057095e+00 4.30697909e-01 1.56230594e-01 5.11359509e-01
3.60000000e-01 1.00060520e+00 4.86512116e-01 1.77936036e-01 5.02183187e-01
3.80000000e-01 1.00063826e+00 5.20533326e-01 1.98798953e-01 4.93250673e-01
4.00000000e-01 1.00067018e+00 5.40592177e-01 2.18852616e-01 4.84567659e-01
4.20000000e-01 1.00070099e+00 5.53773203e-01 2.38128982e-01 4.76126539e-01
4.40000000e-01 1.00073075e+00 5.64156068e-01 2.56658743e-01 4.67918177e-01
4.60000000e-01 1.00075948e+00 5.73438518e-01 2.74471379e-01 4.59933594e-01
4.80000000e-01 1.00078724e+00 5.82161042e-01 2.91595207e-01 4.52164151e-01
5.00000000e-01 1.00081405e+00 5.90465518e-01 3.08057420e-01 4.44601547e-01
5.20000000e-01 1.00083995e+00 5.98391020e-01 3.23884140e-01 4.37237808e-01
5.40000000e-01 1.00086497e+00 6.05955932e-01 3.39100456e-01 4.30065276e-01
5.60000000e-01 1.00088915e+00 6.13174985e-01 3.53730463e-01 4.23076595e-01
5.80000000e-01 1.00091253e+00 6.20061982e-01 3.67797306e-01 4.16264699e-01
6.00000000e-01 1.00093512e+00 6.26630144e-01 3.81323215e-01 4.09622802e-01
6.20000000e-01 1.00095696e+00 6.32892168e-01 3.94329539e-01 4.03144385e-01
6.40000000e-01 1.00097807e+00 6.38860247e-01 4.06836786e-01 3.96823186e-01
6.60000000e-01 1.00099849e+00 6.44546094e-01 4.18864653e-01 3.90653190e-01
6.80000000e-01 1.00101824e+00 6.49960959e-01 4.30432056e-01 3.84628621e-01
7.00000000e-01 1.00103734e+00 6.55115644e-01 4.41557165e-01 3.78743929e-01
7.20000000e-01 1.00105582e+00 6.60020528e-01 4.52257434e-01 3.72993784e-01
7.40000000e-01 1.00107369e+00 6.64685576e-01 4.62549623e-01 3.67373066e-01
7.60000000e-01 1.00109099e+00 6.69120361e-01 4.72449833e-01 3.61876857e-01
7.80000000e-01 1.00110773e+00 6.73334077e-01 4.81973526e-01 3.56500432e-01
8.00000000e-01 1.00112393e+00 6.77335554e-01 4.91135555e-01 3.51239256e-01
8.20000000e-01 1.00113962e+00 6.81133273e-01 4.99950185e-01 3.46088968e-01
8.40000000e-01 1.00115481e+00 6.84735379e-01 5.08431116e-01 3.41045382e-01
8.60000000e-01 1.00116951e+00 6.88149696e-01 5.16591508e-01 3.36104477e-01
8.80000000e-01 1.00118375e+00 6.91383737e-01 5.24444002e-01 3.31262388e-01
9.00000000e-01 1.00119754e+00 6.94444720e-01 5.32000737e-01 3.26515407e-01
9.20000000e-01 1.00121090e+00 6.97339576e-01 5.39273372e-01 3.21859967e-01
9.40000000e-01 1.00122385e+00 7.00074962e-01 5.46273108e-01 3.17292645e-01
9.60000000e-01 1.00123639e+00 7.02657271e-01 5.53010702e-01 3.12810153e-01
9.80000000e-01 1.00124855e+00 7.05092645e-01 5.59496484e-01 3.08409330e-01
1.00000000e+00 1.00126033e+00 7.07386981e-01 5.65740378e-01 3.04087142e-01
1.20000000e+00 1.00136016e+00 7.23715274e-01 6.16797101e-01 2.64602218e-01
1.40000000e+00 1.00143407e+00 7.30949445e-01 6.52095935e-01 2.30399951e-01
1.60000000e+00 1.00148918e+00 7.32180671e-01 6.76842046e-01 1.99884038e-01
1.80000000e+00 1.00153030e+00 7.29472729e-01 6.94513516e-01 1.71984858e-01
2.00000000e+00 1.00156065e+00 7.24203012e-01 7.07434549e-01 1.45984735e-01
2.20000000e+00 1.00158243e+00 7.17290367e-01 7.17158425e-01 1.21401182e-01
2.40000000e+00 1.00159711e+00 7.09347316e-01 7.24723363e-01 9.79089093e-02
2.60000000e+00 1.00160573e+00 7.00781746e-01 7.30823455e-01 7.52877047e-02
2.80000000e+00 1.00160900e+00 6.91864857e-01 7.35922874e-01 5.33876189e-02
3.00000000e+00 1.00160741e+00 6.82776554e-01 7.40332173e-01 3.21057002e-02
3.20000000e+00 1.00160132e+00 6.73635772e-01 7.44259262e-01 1.13704522e-02
3.40000000e+00 1.00159101e+00 6.64520737e-01 7.47843470e-01 -8.86855288e-03
3.60000000e+00 1.00157667e+00 6.55482502e-01 7.51178293e-01 -2.86476133e-02
3.80000000e+00 1.00155846e+00 6.46553990e-01 7.54326601e-01 -4.79935357e-02
4.00000000e+00 1.00153652e+00 6.37756034e-01 7.57330794e-01 -6.69267344e-02
4.20000000e+00 1.00151095e+00 6.29101413e-01 7.60219589e-01 -8.54633033e-02
4.40000000e+00 1.00148184e+00 6.20597549e-01 7.63012551e-01 -1.03616401e-01
4.60000000e+00 1.00144930e+00 6.12248306e-01 7.65723124e-01 -1.21397176e-01
4.80000000e+00 1.00141338e+00 6.04055193e-01 7.68360659e-01 -1.38815389e-01
5.00000000e+00 1.00137418e+00 5.96018167e-01 7.70931758e-01 -1.55879826e-01
6.00000000e+00 1.00113121e+00 5.58118701e-01 7.82921741e-01 -2.36163073e-01
7.00000000e+00 1.00081568e+00 5.23806377e-01 7.93649445e-01 -3.08664916e-01
8.00000000e+00 1.00043466e+00 4.92753610e-01 8.03261557e-01 -3.74137423e-01
9.00000000e+00 9.99994513e-01 4.64650786e-01 8.11868287e-01 -4.33253901e-01
1.00000000e+01 9.99500985e-01 4.39216115e-01 8.19566316e-01 -4.86622366e-01
2.00000000e+01 9.92561491e-01 2.85912125e-01 8.62154180e-01 -8.02659218e-01
3.00000000e+01 9.83766552e-01 2.28551605e-01 8.72131179e-01 -9.12100007e-01
4.00000000e+01 9.74354920e-01 2.06320232e-01 8.70228134e-01 -9.45985895e-01
5.00000000e+01 9.64779373e-01 1.96958971e-01 8.64032261e-01 -9.52279199e-01
6.00000000e+01 9.55205019e-01 1.92320574e-01 8.56320037e-01 -9.48534195e-01
7.00000000e+01 9.45691677e-01 1.89422908e-01 8.48107144e-01 -9.41175394e-01
8.00000000e+01 9.36260639e-01 1.87174351e-01 8.39764795e-01 -9.32553654e-01
9.00000000e+01 9.26919098e-01 1.85175234e-01 8.31428321e-01 -9.23528828e-01
1.00000000e+02 9.17669095e-01 1.83279153e-01 8.23146724e-01 -9.14415041e-01
2.00000000e+02 8.30088710e-01 1.65761828e-01 7.44595562e-01 -8.27199536e-01
3.00000000e+02 7.50866341e-01 1.49941778e-01 6.73532526e-01 -7.48252907e-01
4.00000000e+02 6.79204830e-01 1.35631569e-01 6.09251634e-01 -6.76840819e-01
5.00000000e+02 6.14382583e-01 1.22687104e-01 5.51105610e-01 -6.12244189e-01
6.00000000e+02 5.55746869e-01 1.10978038e-01 4.98508952e-01 -5.53812560e-01
7.00000000e+02 5.02707256e-01 1.00386468e-01 4.50932037e-01 -5.00957555e-01
8.00000000e+02 4.54729662e-01 9.08057401e-02 4.07895788e-01 -4.53146949e-01
9.00000000e+02 4.11330973e-01 8.21393821e-02 3.68966851e-01 -4.09899312e-01
1.00000000e+03 3.72074188e-01 7.43001279e-02 3.33753232e-01 -3.70779162e-01
2.00000000e+03 1.36461719e-01 2.72502729e-02 1.22407146e-01 -1.35986756e-01
