# time_delay	fit_example_osc_1	fit_example_osc_2	fit_example_osc_3	fit_example_osc_4
-2.00000000e+00 0.00000000e+00 0.00000000e+00 0.00000000e+00 0.00000000e+00
-1.80000000e+00 0.00000000e+00 0.00000000e+00 0.00000000e+00 0.00000000e+00
-1.60000000e+00 3.35178681e-298 0.00000000e+00 -7.42771550e-294 0.00000000e+00
-1.40000000e+00 3.66274569e-227 0.00000000e+00 -2.03920822e-223 4.91315546e-304
-1.20000000e+00 7.56828478e-166 1.01284144e-276 -1.05876083e-162 2.77499354e-232
-1.00000000e+00 2.98131186e-114 1.57444327e-208 -1.04825289e-111 2.96224263e-170
-9.80000000e-01 1.25765241e-109 3.03040111e-202 -3.85171406e-107 1.37968141e-164
-9.60000000e-01 4.24209442e-105 4.66284704e-196 -1.13164584e-102 5.13734172e-159
-9.40000000e-01 1.14412888e-100 5.73566188e-190 -2.65854560e-98 1.52934022e-153
-9.20000000e-01 2.46747904e-96 5.64028130e-184 -4.99417689e-94 3.63982569e-148
-9.00000000e-01 4.25525414e-92 4.43411080e-178 -7.50204578e-90 6.92584783e-143
-8.80000000e-01 5.86815133e-88 2.78679333e-172 -9.01160030e-86 1.05362614e-137
-8.60000000e-01 6.47130502e-84 1.40023044e-166 -8.65648810e-82 1.28152479e-132
-8.40000000e-01 5.70701468e-80 5.62464472e-161 -6.64983936e-78 1.24623615e-127
-8.20000000e-01 4.02499486e-76 1.80632558e-155 -4.08529168e-74 9.68975670e-123
-8.00000000e-01 2.27025438e-72 4.63774740e-150 -2.00720332e-70 6.02381050e-118
-7.80000000e-01 1.02412098e-68 9.51991999e-145 -7.88734830e-67 2.99421343e-113
-7.60000000e-01 3.69497429e-65 1.56235587e-139 -2.47889545e-63 1.19002147e-108
-7.40000000e-01 1.06628225e-61 2.04999447e-134 -6.23146931e-60 3.78177321e-104
-7.20000000e-01 2.46122985e-58 2.15058894e-129 -1.25298763e-56 9.60977860e-100
-7.00000000e-01 4.54434870e-55 1.80384990e-124 -2.01533783e-53 1.95261962e-95
-6.80000000e-01 6.71201118e-52 1.20972961e-119 -2.59308183e-50 3.17261993e-91
-6.60000000e-01 7.93084269e-49 6.48676569e-115 -2.66917167e-47 4.12216180e-87
-6.40000000e-01 7.49718149e-46 2.78117040e-110 -2.19814176e-44 4.28301707e-83
-6.20000000e-01 5.67045231e-43 9.53442377e-106 -1.44838308e-41 3.55880649e-79
-6.00000000e-01 3.43170750e-40 2.61358884e-101 -7.63646576e-39 2.36483941e-75
-5.80000000e-01 1.66192315e-37 5.72881910e-97 -3.22194933e-36 1.25676927e-71
-5.60000000e-01 6.44108091e-35 1.00412471e-92 -1.08793357e-33 5.34171931e-68
-5.40000000e-01 1.99800754e-32 1.40739257e-88 -2.94027527e-31 1.81591032e-64
-5.20000000e-01 4.96106005e-30 1.57746231e-84 -6.36099894e-29 4.93756819e-61
-5.00000000e-01 9.86154864e-28 1.41393929e-80 -1.10171741e-26 1.07388119e-57
-4.80000000e-01 1.56953178e-25 1.01354572e-76 -1.52786699e-24 1.86829093e-54
-4.60000000e-01 2.00040767e-23 5.81045970e-73 -1.69684628e-22 2.60016254e-51
-4.40000000e-01 2.04206115e-21 2.66407865e-69 -1.50946140e-20 2.89500216e-48
-4.20000000e-01 1.66997656e-19 9.76942529e-66 -1.07576303e-18 2.57879451e-45
-4.00000000e-01 1.09432487e-17 2.86545614e-62 -6.14373864e-17 1.83795023e-42
-3.80000000e-01 5.74771563e-16 6.72264398e-59 -2.81250622e-15 1.04817228e-39
-3.60000000e-01 2.42044736e-14 1.26161986e-55 -1.03238655e-13 4.78354336e-37
-3.40000000e-01 8.17540645e-13 1.89400571e-52 -3.03981816e-12 1.74712924e-34
-3.20000000e-01 2.21578534e-11 2.27469290e-49 -7.18304207e-11 5.10744051e-32
-3.00000000e-01 4.82145866e-10 2.18564522e-46 -1.36289478e-09 1.19518329e-29
-2.80000000e-01 8.42821314e-09 1.68027852e-43 -2.07776060e-08 2.23910592e-27
-2.60000000e-01 1.18449020e-07 1.03361756e-40 -2.54715959e-07 3.35882069e-25
-2.40000000e-01 1.33959890e-06 5.08804743e-38 -2.51346448e-06 4.03499040e-23
-2.20000000e-01 1.22059929e-05 2.00444727e-35 -1.99884436e-05 3.88260291e-21
-2.00000000e-01 8.97358200e-05 6.32025096e-33 -1.28306391e-04 2.99309977e-19
-1.80000000e-01 5.33297612e-04 1.59521542e-30 -6.66104651e-04 1.84903062e-17
-1.60000000e-01 2.56828695e-03 3.22332987e-28 -2.80401667e-03 9.15620509e-16
-1.40000000e-01 1.00550115e-02 5.21497911e-26 -9.60368352e-03 3.63563033e-14
-1.20000000e-01 3.21405706e-02 6.75667355e-24 -2.68835996e-02 1.15799360e-12
-1.00000000e-01 8.43708216e-02 7.01173615e-22 -6.18875112e-02 2.96002514e-11
-8.00000000e-02 1.83351557e-01 5.82936921e-20 -1.18151820e-01 6.07556860e-10
-6.00000000e-02 3.33543784e-01 3.88352078e-18 -1.89237216e-01 1.00200405e-08
-4.00000000e-02 5.15749113e-01 2.07376178e-16 -2.58275545e-01 1.32890755e-07
-2.00000000e-02 6.91969301e-01 8.87896279e-15 -3.06599784e-01 1.41871837e-06
8.88178420e-16 8.27105810e-01 3.04930647e-13 -3.24680590e-01 1.22071524e-05
2.00000000e-02 9.08468309e-01 8.40370552e-12 -3.15478245e-01 8.47876850e-05
4.00000000e-02 9.46456201e-01 1.85953570e-10 -2.88932333e-01 4.76352009e-04
6.00000000e-02 9.60729841e-01 3.30584619e-09 -2.54641419e-01 2.17040816e-03
8.00000000e-02 9.67318579e-01 4.72548383e-08 -2.18456052e-01 8.04789929e-03
1.00000000e-01 9.74454533e-01 5.43644341e-07 -1.82880730e-01 2.43993658e-02
1.20000000e-01 9.84406077e-01 5.03976773e-06 -1.48634181e-01 6.08680588e-02
1.40000000e-01 9.96398735e-01 3.77043751e-05 -1.15762135e-01 1.26040671e-01
1.60000000e-01 1.00853009e+00 2.28087219e-04 -8.41278979e-02 2.19267978e-01
1.80000000e-01 1.01874792e+00 1.11848973e-03 -5.35756267e-02 3.25779735e-01
2.00000000e-01 1.02537174e+00 4.46095102e-03 -2.39803720e-02 4.22478732e-01
2.20000000e-01 1.02740159e+00 1.45351334e-02 4.73480708e-03 4.91325408e-01
2.40000000e-01 1.02466996e+00 3.89251105e-02 3.25949536e-02 5.28215484e-01
2.60000000e-01 1.01783947e+00 8.63893127e-02 5.95787494e-02 5.40604897e-01
2.80000000e-01 1.00825642e+00 1.60719962e-01 8.56316143e-02 5.39132685e-01
3.00000000e-01 9.97691668e-01 2.54589264e-01 1.10683763e-01 5.31646495e-01
3.20000000e-01 9.88017804e-01 3.50584189e-01 1.34669913e-01 5.22135709e-01
3.40000000e-01 9.80881247e-01 4.30800856e-01 1.57547176e-01 5.12148134e-01
3.60000000e-01 9.77425959e-01 4.86720457e-01 1.79308125e-01 5.02211681e-01
3.80000000e-01 9.78114742e-01 5.20837586e-01 1.99986961e-01 4.92543324e-01
4.00000000e-01 9.82675261e-01 5.40953347e-01 2.19657997e-01 4.83275100e-01
4.20000000e-01 9.90175363e-01 5.54134261e-01 2.38427020e-01 4.74494900e-01
4.40000000e-01 9.99209699e-01 5.64457207e-01 2.56417307e-01 4.66242833e-01
4.60000000e-01 1.00816109e+00 5.73630658e-01 2.73752933e-01 4.58506164e-01
4.80000000e-01 1.01548851e+00 5.82215271e-01 2.90542371e-01 4.51222168e-01
5.00000000e-01 1.01999091e+00 5.90377767e-01 3.06865222e-01 4.44289426e-01
5.20000000e-01 1.02100201e+00 5.98181921e-01 3.22764249e-01 4.37585422e-01
5.40000000e-01 1.01848514e+00 6.05666324e-01 3.38243913e-01 4.30987177e-01
5.60000000e-01 1.01301544e+00 6.12858076e-01 3.53275410e-01 4.24391220e-01
5.80000000e-01 1.00565690e+00 6.19773664e-01 3.67807107e-01 4.17729480e-01
6.00000000e-01 9.97759463e-01 6.26419218e-01 3.81778353e-01 4.10978481e-01
6.20000000e-01 9.90714462e-01 6.32792171e-01 3.95134177e-01 4.04160525e-01
6.40000000e-01 9.85712237e-01 6.38884234e-01 4.07838272e-01 3.97336945e-01
6.60000000e-01 9.83543842e-01 6.44685160e-01 4.19882119e-01 3.90594913e-01
6.80000000e-01 9.84479455e-01 6.50186625e-01 4.31288803e-01 3.84030320e-01
7.00000000e-01 9.88241586e-01 6.55385537e-01 4.42111083e-01 3.77729849e-01
7.20000000e-01 9.94074101e-01 6.60286243e-01 4.52424266e-01 3.71755365e-01
7.40000000e-01 1.00089143e+00 6.64901288e-01 4.62315335e-01 3.66133232e-01
7.60000000e-01 1.00747909e+00 6.69250654e-01 4.71870347e-01 3.60850234e-01
7.80000000e-01 1.01270878e+00 6.73359677e-01 4.81162364e-01 3.55856520e-01
8.00000000e-01 1.01573038e+00 6.77256043e-01 4.90241980e-01 3.51074821e-01
8.20000000e-01 1.01610840e+00 6.80966441e-01 4.99132002e-01 3.46414089e-01
8.40000000e-01 1.01388148e+00 6.84513446e-01 5.07827033e-01 3.41785026e-01
8.60000000e-01 1.00953748e+00 6.87913183e-01 5.16297864e-01 3.37114748e-01
8.80000000e-01 1.00391191e+00 6.91174135e-01 5.24499716e-01 3.32358072e-01
9.00000000e-01 9.98029926e-01 6.94297272e-01 5.32382775e-01 3.27503604e-01
9.20000000e-01 9.92921714e-01 6.97277417e-01 5.39903109e-01 3.22573777e-01
9.40000000e-01 9.89443971e-01 7.00105580e-01 5.47032063e-01 3.17619051e-01
9.60000000e-01 9.88138309e-01 7.02771812e-01 5.53762574e-01 3.12707515e-01
9.80000000e-01 9.89149599e-01 7.05268068e-01 5.60111422e-01 3.07911858e-01
1.00000000e+00 9.92216110e-01 7.07590593e-01 5.66117208e-01 3.03296065e-01
1.20000000e+00 9.98409615e-01 7.23613039e-01 6.17112826e-01 2.65319631e-01
1.40000000e+00 1.00981313e+00 7.30890046e-01 6.51599090e-01 2.30385362e-01
1.60000000e+00 9.97064535e-01 7.32295345e-01 6.77009183e-01 1.99409909e-01
1.80000000e+00 9.99252575e-01 7.29425040e-01 6.94721545e-01 1.72358038e-01
2.00000000e+00 1.00629915e+00 7.24161981e-01 7.07162079e-01 1.46019514e-01
2.20000000e+00 9.99492282e-01 7.17354068e-01 7.17226485e-01 1.21122087e-01
2.40000000e+00 9.99993266e-01 7.09326260e-01 7.24855530e-01 9.80992441e-02
2.60000000e+00 1.00424863e+00 7.00754788e-01 7.30676140e-01 7.53306572e-02
2.80000000e+00 1.00066878e+00 6.91899757e-01 7.35946350e-01 5.32259498e-02
3.00000000e+00 1.00054002e+00 6.82768047e-01 7.40413838e-01 3.22005261e-02
3.20000000e+00 1.00305526e+00 6.73618682e-01 7.44180804e-01 1.14071547e-02
3.40000000e+00 1.00119897e+00 6.64539588e-01 7.47848346e-01 -8.96082377e-03
3.60000000e+00 1.00089354e+00 6.55479619e-01 7.51227631e-01 -2.86017372e-02
3.80000000e+00 1.00234713e+00 6.46543448e-01 7.54285496e-01 -4.79662705e-02
4.00000000e+00 1.00139431e+00 6.37766063e-01 7.57328916e-01 -6.69786607e-02
4.20000000e+00 1.00108641e+00 6.29100860e-01 7.60248835e-01 -8.54419579e-02
4.40000000e+00 1.00190336e+00 6.20591189e-01 7.62991411e-01 -1.03597630e-01
4.60000000e+00 1.00141349e+00 6.12253554e-01 7.65719539e-01 -1.21425998e-01
4.80000000e+00 1.00115568e+00 6.04055474e-01 7.68377707e-01 -1.38806001e-01
5.00000000e+00 1.00159587e+00 5.96014401e-01 7.70921121e-01 -1.55867522e-01
6.00000000e+00 1.00104148e+00 5.58119147e-01 7.82927279e-01 -2.36161815e-01
7.00000000e+00 1.00082875e+00 5.23806689e-01 7.93648206e-01 -3.08667282e-01
8.00000000e+00 1.00044090e+00 4.92753392e-01 8.03261386e-01 -3.74136428e-01
9.00000000e+00 9.99989572e-01 4.64650850e-01 8.11868547e-01 -4.33254059e-01
1.00000000e+01 9.99502551e-01 4.39216114e-01 8.19566211e-01 -4.86622428e-01
2.00000000e+01 9.92561491e-01 2.85912125e-01 8.62154180e-01 -8.02659218e-01
3.00000000e+01 9.83766552e-01 2.28551605e-01 8.72131179e-01 -9.12100007e-01
4.00000000e+01 9.74354920e-01 2.06320232e-01 8.70228134e-01 -9.45985895e-01
5.00000000e+01 9.64779373e-01 1.96958971e-01 8.64032261e-01 -9.52279199e-01
6.00000000e+01 9.55205019e-01 1.92320574e-01 8.56320037e-01 -9.48534195e-01
7.00000000e+01 9.45691677e-01 1.89422908e-01 8.48107144e-01 -9.41175394e-01
8.00000000e+01 9.36260639e-01 1.87174351e-01 8.39764795e-01 -9.32553654e-01
9.00000000e+01 9.26919098e-01 1.85175234e-01 8.31428321e-01 -9.23528828e-01
1.00000000e+02 9.17669095e-01 1.83279153e-01 8.23146724e-01 -9.14415041e-01
2.00000000e+02 8.30088710e-01 1.65761828e-01 7.44595562e-01 -8.27199536e-01
3.00000000e+02 7.50866341e-01 1.49941778e-01 6.73532526e-01 -7.48252907e-01
4.00000000e+02 6.79204830e-01 1.35631569e-01 6.09251634e-01 -6.76840819e-01
5.00000000e+02 6.14382583e-01 1.22687104e-01 5.51105610e-01 -6.12244189e-01
6.00000000e+02 5.55746869e-01 1.10978038e-01 4.98508952e-01 -5.53812560e-01
7.00000000e+02 5.02707256e-01 1.00386468e-01 4.50932037e-01 -5.00957555e-01
8.00000000e+02 4.54729662e-01 9.08057401e-02 4.07895788e-01 -4.53146949e-01
9.00000000e+02 4.11330973e-01 8.21393821e-02 3.68966851e-01 -4.09899312e-01
1.00000000e+03 3.72074188e-01 7.43001279e-02 3.33753232e-01 -3.70779162e-01
2.00000000e+03 1.36461719e-01 2.72502729e-02 1.22407146e-01 -1.35986756e-01
