# time_delay	fit_example_osc_1	fit_example_osc_2	fit_example_osc_3	fit_example_osc_4
-2.00000000e+00 0.00000000e+00 0.00000000e+00 0.00000000e+00 0.00000000e+00
-1.80000000e+00 0.00000000e+00 0.00000000e+00 0.00000000e+00 0.00000000e+00
-1.60000000e+00 1.15994837e-299 0.00000000e+00 -3.13804630e-296 0.00000000e+00
-1.40000000e+00 1.26270139e-228 0.00000000e+00 -8.58758336e-226 -1.84854962e-306
-1.20000000e+00 2.59553117e-167 -8.66895861e-280 -4.43918541e-165 -1.04017245e-234
-1.00000000e+00 1.01481480e-115 -1.34143103e-211 -4.36736488e-114 -1.10474374e-172
-9.80000000e-01 4.27696642e-111 -2.58052408e-205 -1.60347968e-109 -5.14228272e-167
-9.60000000e-01 1.44122926e-106 -3.96842157e-199 -4.70717124e-105 -1.91356033e-161
-9.40000000e-01 3.88316326e-102 -4.87866495e-193 -1.10488359e-100 -5.69277735e-156
-9.20000000e-01 8.36567890e-98 -4.79469094e-187 -2.07367616e-96 -1.35396144e-150
-9.00000000e-01 1.44107896e-93 -3.76703752e-181 -3.11201464e-92 -2.57449998e-145
-8.80000000e-01 1.98497029e-89 -2.36604176e-175 -3.73445781e-88 -3.91371025e-140
-8.60000000e-01 2.18629648e-85 -1.18804143e-169 -3.58350688e-84 -4.75662106e-135
-8.40000000e-01 1.92558494e-81 -4.76904325e-164 -2.74975413e-80 -4.62197661e-130
-8.20000000e-01 1.35620495e-77 -1.53047197e-158 -1.68731159e-76 -3.59072147e-125
-8.00000000e-01 7.63850101e-74 -3.92661303e-153 -8.27988221e-73 -2.23031534e-120
-7.80000000e-01 3.44051201e-70 -8.05404026e-148 -3.24932341e-69 -1.10761168e-115
-7.60000000e-01 1.23931854e-66 -1.32073917e-142 -1.01980002e-65 -4.39796703e-111
-7.40000000e-01 3.57027360e-63 -1.73154080e-137 -2.55979255e-62 -1.39626053e-106
-7.20000000e-01 8.22609144e-60 -1.81495522e-132 -5.13898901e-59 -3.54436375e-102
-7.00000000e-01 1.51591546e-56 -1.52097472e-127 -8.25183370e-56 -7.19407857e-98
-6.80000000e-01 2.23441088e-53 -1.01907620e-122 -1.05984202e-52 -1.16757652e-93
-6.60000000e-01 2.63436701e-50 -5.45916111e-118 -1.08885286e-49 -1.51522652e-89
-6.40000000e-01 2.48447607e-47 -2.33822399e-113 -8.94861435e-47 -1.57239308e-85
-6.20000000e-01 1.87439216e-44 -8.00744556e-109 -5.88333886e-44 -1.30480610e-81
-6.00000000e-01 1.13129768e-41 -2.19258630e-104 -3.09455610e-41 -8.65850177e-78
-5.80000000e-01 5.46273210e-39 -4.80044825e-100 -1.30228628e-38 -4.59475965e-74
-5.60000000e-01 2.11051081e-36 -8.40383147e-96 -4.38508321e-36 -1.94992673e-70
-5.40000000e-01 6.52440060e-34 -1.17639152e-91 -1.18153043e-33 -6.61793178e-67
-5.20000000e-01 1.61399649e-31 -1.31678407e-87 -2.54767008e-31 -1.79634108e-63
-5.00000000e-01 3.19528985e-29 -1.17862351e-83 -4.39654589e-29 -3.89971552e-60
-4.80000000e-01 5.06295425e-27 -8.43614190e-80 -6.07285547e-27 -6.77128229e-57
-4.60000000e-01 6.42137681e-25 -4.82871968e-76 -6.71481735e-25 -9.40416689e-54
-4.40000000e-01 6.51975802e-23 -2.21030061e-72 -5.94411357e-23 -1.04472052e-50
-4.20000000e-01 5.29989917e-21 -8.09123226e-69 -4.21316541e-21 -9.28390855e-48
-4.00000000e-01 3.44981279e-19 -2.36883959e-65 -2.39144798e-19 -6.59986128e-45
-3.80000000e-01 1.79837394e-17 -5.54662764e-62 -1.08720861e-17 -3.75349817e-42
-3.60000000e-01 7.50916943e-16 -1.03874895e-58 -3.95948837e-16 -1.70789604e-39
-3.40000000e-01 2.51193466e-14 -1.55595668e-55 -1.15536800e-14 -6.21783561e-37
-3.20000000e-01 6.73305769e-13 -1.86426739e-52 -2.70173581e-13 -1.81134447e-34
-3.00000000e-01 1.44641110e-11 -1.78674550e-49 -5.06403155e-12 -4.22261283e-32
-2.80000000e-01 2.49078775e-10 -1.36988042e-46 -7.60974603e-11 -7.87802893e-30
-2.60000000e-01 3.43901918e-09 -8.40217333e-44 -9.16949301e-10 -1.17639009e-27
-2.40000000e-01 3.80767732e-08 -4.12301819e-41 -8.86095540e-09 -1.40613847e-25
-2.20000000e-01 3.38109361e-07 -1.61875613e-38 -6.86728468e-08 -1.34554364e-23
-2.00000000e-01 2.40771126e-06 -5.08534771e-36 -4.26744283e-07 -1.03089746e-21
-1.80000000e-01 1.37451647e-05 -1.27839859e-33 -2.12490224e-06 -6.32472450e-20
-1.60000000e-01 6.28469478e-05 -2.57190458e-31 -8.46475505e-06 -3.10772503e-18
-1.40000000e-01 2.29657233e-04 -4.14120231e-29 -2.68843897e-05 -1.22318156e-16
-1.20000000e-01 6.67621453e-04 -5.33734297e-27 -6.75685137e-05 -3.85713966e-15
-1.00000000e-01 1.52828753e-03 -5.50679953e-25 -1.32093984e-04 -9.74653784e-14
-8.00000000e-02 2.68873543e-03 -4.54885598e-23 -1.92066906e-04 -1.97394361e-12
-6.00000000e-02 3.39344694e-03 -3.00879399e-21 -1.77442580e-04 -3.20485597e-11
-4.00000000e-02 2.26025986e-03 -1.59380211e-19 -3.13427367e-06 -4.17212105e-10
-2.00000000e-02 -1.98306305e-03 -6.76236245e-18 3.68964487e-04 -4.35560710e-09
8.88178420e-16 -9.41551574e-03 -2.29858864e-16 8.82190166e-04 -3.64682279e-08
2.00000000e-02 -1.84567322e-02 -6.26044864e-15 1.39802384e-03 -2.44853803e-07
4.00000000e-02 -2.64900908e-02 -1.36652825e-13 1.75922393e-03 -1.31771333e-06
6.00000000e-02 -3.10382275e-02 -2.39106202e-12 1.85322015e-03 -5.67731456e-06
8.00000000e-02 -3.06524235e-02 -3.35436205e-11 1.64207352e-03 -1.95313638e-05
1.00000000e-01 -2.51865201e-02 -3.77356681e-10 1.16053687e-03 -5.33483558e-05
1.20000000e-01 -1.56283362e-02 -3.40458474e-09 4.97956423e-04 -1.14230786e-04
1.40000000e-01 -3.74417565e-03 -2.46337924e-08 -2.25151365e-04 -1.85823494e-04
1.60000000e-01 8.33029244e-03 -1.42894094e-07 -8.81537082e-04 -2.08637110e-04
1.80000000e-01 1.84999477e-02 -6.63939653e-07 -1.36019479e-03 -9.17203297e-05
2.00000000e-01 2.50780627e-02 -2.46602915e-06 -1.58510281e-03 2.30771563e-04
2.20000000e-01 2.70639028e-02 -7.28994836e-06 -1.52706486e-03 7.36142865e-04
2.40000000e-01 2.42898263e-02 -1.69875650e-05 -1.20697131e-03 1.30199555e-03
2.60000000e-01 1.74183864e-02 -3.05031558e-05 -6.90264154e-04 1.75969830e-03
2.80000000e-01 7.79584590e-03 -3.96165709e-05 -7.39036314e-05 1.96752386e-03
3.00000000e-01 -2.80702065e-03 -2.84981625e-05 5.31620318e-04 1.85633790e-03
3.20000000e-01 -1.25176577e-02 1.82690667e-05 1.02192853e-03 1.43764489e-03
3.40000000e-01 -1.96897024e-02 1.02946944e-04 1.31658270e-03 7.88624913e-04
3.60000000e-01 -2.31792409e-02 2.08340462e-04 1.37208862e-03 2.84947748e-05
3.80000000e-01 -2.25235185e-02 3.04260035e-04 1.18800737e-03 -7.07348961e-04
4.00000000e-01 -1.79949156e-02 3.61169405e-04 8.05380794e-04 -1.29255876e-03
4.20000000e-01 -1.05256287e-02 3.61057831e-04 2.98038633e-04 -1.63163919e-03
4.40000000e-01 -1.52104827e-03 3.01139101e-04 -2.41435661e-04 -1.67534331e-03
4.60000000e-01 7.40160301e-03 1.92140259e-04 -7.18446664e-04 -1.42743009e-03
4.80000000e-01 1.47012737e-02 5.42295163e-05 -1.05283520e-03 -9.41982873e-04
5.00000000e-01 1.91768646e-02 -8.77514971e-05 -1.19219763e-03 -3.12120506e-04
5.20000000e-01 2.01620650e-02 -2.09099398e-04 -1.11989116e-03 3.47614554e-04
5.40000000e-01 1.76201674e-02 -2.89607652e-04 -8.56543242e-04 9.21900655e-04
5.60000000e-01 1.21262860e-02 -3.16909050e-04 -4.55053094e-04 1.31462487e-03
5.80000000e-01 4.74437214e-03 -2.88318284e-04 9.80035176e-06 1.46478040e-03
6.00000000e-01 -3.17565559e-03 -2.10925885e-04 4.55138704e-04 1.35567896e-03
6.20000000e-01 -1.02424962e-02 -9.99963988e-05 8.04637875e-04 1.01614008e-03
6.40000000e-01 -1.52658371e-02 2.39866830e-05 1.00148581e-03 5.13759054e-04
6.60000000e-01 -1.74546499e-02 1.39065944e-04 1.01746666e-03 -5.82777750e-05
6.80000000e-01 -1.65387840e-02 2.25666583e-04 8.56747823e-04 -5.98301192e-04
7.00000000e-01 -1.27957531e-02 2.69892781e-04 5.53917314e-04 -1.01407960e-03
7.20000000e-01 -6.98171457e-03 2.65714885e-04 1.66831771e-04 -1.23841924e-03
7.40000000e-01 -1.82257494e-04 2.15711388e-04 -2.34288424e-04 -1.23983328e-03
7.60000000e-01 6.38810154e-03 1.30292721e-04 -5.79485721e-04 -1.02662228e-03
7.80000000e-01 1.16010501e-02 2.55993526e-05 -8.11162471e-04 -6.43912578e-04
8.00000000e-01 1.46064461e-02 -7.95111882e-05 -8.93575237e-04 -1.64434848e-04
8.20000000e-01 1.49687840e-02 -1.66832033e-04 -8.18182980e-04 3.25121089e-04
8.40000000e-01 1.27266711e-02 -2.21932987e-04 -6.04082468e-04 7.39644274e-04
8.60000000e-01 8.36797210e-03 -2.36513116e-04 -2.93643883e-04 1.01027176e-03
8.80000000e-01 2.72815614e-03 -2.09602385e-04 5.57140689e-05 1.09568347e-03
9.00000000e-01 -3.16761779e-03 -1.47448529e-04 3.82038138e-04 9.88197499e-04
9.20000000e-01 -8.28919045e-03 -6.21591169e-05 6.29736237e-04 7.13810066e-04
9.40000000e-01 -1.17798777e-02 3.06184592e-05 7.58954610e-04 3.26405585e-04
9.60000000e-01 -1.30980824e-02 1.14540676e-04 7.51871803e-04 -1.02637848e-04
9.80000000e-01 -1.20989471e-02 1.75423047e-04 6.14938361e-04 -4.97472022e-04
1.00000000e+00 -9.04421583e-03 2.03612183e-04 3.76830073e-04 -7.91076583e-04
1.20000000e+00 -2.95054510e-03 -1.02234515e-04 3.15725010e-04 7.17412279e-04
1.40000000e+00 8.37906049e-03 -5.93987198e-05 -4.96844732e-04 -1.45896969e-05
1.60000000e+00 -4.42464892e-03 1.14674056e-04 1.67137448e-04 -4.74129127e-04
1.80000000e+00 -2.27772532e-03 -4.76895605e-05 2.08029041e-04 3.73179589e-04
2.00000000e+00 4.73849609e-03 -4.10307024e-05 -2.72469712e-04 3.47790446e-05
2.20000000e+00 -2.09014334e-03 6.37011374e-05 6.80592237e-05 -2.79095322e-04
2.40000000e+00 -1.60384575e-03 -2.10560681e-05 1.32166294e-04 1.90334852e-04
2.60000000e+00 2.64289780e-03 -2.69573894e-05 -1.47314935e-04 4.29524018e-05
2.80000000e+00 -9.40213111e-04 3.49004144e-05 2.34760600e-05 -1.61669106e-04
3.00000000e+00 -1.06738884e-03 -8.50718050e-06 8.16653529e-05 9.48258344e-05
3.20000000e+00 1.45393323e-03 -1.70903433e-05 -7.84584426e-05 3.67024724e-05
3.40000000e+00 -3.92045008e-04 1.88506495e-05 4.87595103e-06 -9.22708843e-05
3.60000000e+00 -6.83132335e-04 -2.88352837e-06 4.93385909e-05 4.58760799e-05
3.80000000e+00 7.88669753e-04 -1.05423654e-05 -4.11050343e-05 2.72652144e-05
4.00000000e+00 -1.42213209e-04 1.00289034e-05 -1.87865474e-06 -5.19263141e-05
4.20000000e+00 -4.24538915e-04 -5.53223278e-07 2.92459255e-05 2.13453516e-05
4.40000000e+00 4.21513817e-04 -6.36034696e-06 -2.11393672e-05 1.87703918e-05
4.60000000e+00 -3.58042882e-05 5.24797132e-06 -3.58560126e-06 -2.88226703e-05
4.80000000e+00 -2.57706271e-04 2.81237960e-07 1.70477055e-05 9.38826650e-06
5.00000000e+00 2.21692694e-04 -3.76560518e-06 -1.06375588e-05 1.23037763e-05
6.00000000e+00 -8.97339813e-05 4.45694088e-07 5.53853459e-06 1.25762078e-06
7.00000000e+00 1.30708549e-05 3.12530779e-07 -1.23820769e-06 -2.36627804e-06
8.00000000e+00 6.23325147e-06 -2.18039833e-07 -1.70881753e-07 9.94668901e-07
9.00000000e+00 -4.94106622e-06 6.37963259e-08 2.60100146e-07 -1.57791741e-07
1.00000000e+01 1.56599140e-06 -7.32566281e-10 -1.04709090e-07 -6.26966059e-08
2.00000000e+01 -1.04597300e-10 1.42748504e-12 5.41805719e-12 -3.78553652e-12
3.00000000e+01 2.28260426e-15 -9.83191099e-17 -4.14602844e-17 4.71091272e-16
4.00000000e+01 1.79369102e-19 2.29045370e-21 -1.47074624e-20 -2.09140322e-20
5.00000000e+01 -2.00821638e-23 1.58383862e-25 1.17247716e-24 -5.77028331e-26
6.00000000e+01 8.32981518e-28 -1.86272870e-29 -3.48500073e-29 7.21325034e-29
7.00000000e+01 6.59121897e-33 7.98639550e-34 -1.35714041e-33 -4.90086290e-33
8.00000000e+01 -3.17580561e-36 4.27920842e-39 2.09155123e-37 1.10990341e-37
9.00000000e+01 2.02589700e-40 -2.90094170e-42 -1.03384013e-41 8.11926854e-42
1.00000000e+02 -3.95664503e-45 1.90723309e-46 4.86650530e-47 -9.33983323e-46
2.00000000e+02 2.92018333e-87 -7.28324408e-89 -1.13565513e-88 2.96431043e-88
3.00000000e+02 -1.45042541e-129 2.39110332e-131 7.04255180e-131 -7.63016501e-131
4.00000000e+02 5.93166402e-172 -6.48857504e-174 -3.25620293e-173 1.21752587e-173
5.00000000e+02 -2.08445465e-214 1.20818745e-216 1.26680051e-215 1.92150619e-216
6.00000000e+02 6.21279637e-257 4.63615602e-260 -4.24036519e-258 -2.92361729e-258
7.00000000e+02 -1.43002167e-299 -1.92384672e-301 1.18373064e-300 1.72392693e-300
8.00000000e+02 0.00000000e+00 0.00000000e+00 0.00000000e+00 0.00000000e+00
9.00000000e+02 0.00000000e+00 0.00000000e+00 0.00000000e+00 0.00000000e+00
1.00000000e+03 0.00000000e+00 0.00000000e+00 0.00000000e+00 0.00000000e+00
2.00000000e+03 0.00000000e+00 0.00000000e+00 0.00000000e+00 0.00000000e+00
