2.25600e+02 1.28400000e-03
6.34560e+02 8.03000000e-04
8.80320e+02 1.72690000e-03
1.13376e+03 4.65780000e-03
1.24608e+03 8.25170000e-03
1.29408e+03 4.19100000e-03
1.44096e+03 1.21560000e-03
1.62048e+03 6.83940000e-03
3.04512e+03 1.09014000e-02
3.05088e+03 1.64984000e-02
3.06720e+03 7.33230000e-02
5.93280e+02 8.17090000e-03
7.92960e+02 4.10000000e-06
9.94560e+02 3.92870000e-03
1.12800e+03 1.29820000e-03
1.15200e+03 1.64770000e-03
1.33824e+03 4.00500000e-03
1.37568e+03 5.81200000e-04
1.44096e+03 1.87110000e-03
1.53312e+03 4.44020000e-03
3.05376e+03 3.00000000e-07
3.07968e+03 7.73937000e-02
8.83200e+01 8.53600000e-04
3.72480e+02 8.04000000e-05
4.64640e+02 1.28100000e-02
7.16160e+02 5.96901000e-02
8.56320e+02 5.54987000e-02
9.23520e+02 6.13470000e-03
