# time_delay	fit_example_1	fit_example_2	fit_example_3	fit_example_4
-2.00000000e+00 3.94183874e-01 4.12957847e-01 -4.85976405e-03 3.10581653e-03
-1.90000000e+00 3.96156421e-01 4.14837175e-01 -4.90359604e-03 3.13339895e-03
-1.80000000e+00 3.98132417e-01 4.16718547e-01 -4.94772804e-03 3.16116523e-03
-1.70000000e+00 4.00111822e-01 4.18601923e-01 -4.99216107e-03 3.18911594e-03
-1.60000000e+00 4.02094596e-01 4.20487261e-01 -5.03689616e-03 3.21725164e-03
-1.50000000e+00 4.04080700e-01 4.22374518e-01 -5.08193432e-03 3.24557289e-03
-1.40000000e+00 4.06070091e-01 4.24263653e-01 -5.12727655e-03 3.27408027e-03
-1.30000000e+00 4.08062731e-01 4.26154622e-01 -5.17292387e-03 3.30277431e-03
-1.20000000e+00 4.10058577e-01 4.28047384e-01 -5.21887725e-03 3.33165558e-03
-1.10000000e+00 4.12057589e-01 4.29941896e-01 -5.26513768e-03 3.36072460e-03
-1.00000000e+00 4.14059725e-01 4.31838115e-01 -5.31170615e-03 3.38998192e-03
-9.50000000e-01 4.15061951e-01 4.32786851e-01 -5.33510619e-03 3.40468136e-03
-9.00000000e-01 4.16064943e-01 4.33735998e-01 -5.35858360e-03 3.41942807e-03
-8.50000000e-01 4.17068695e-01 4.34685550e-01 -5.38213851e-03 3.43422212e-03
-8.00000000e-01 4.18073202e-01 4.35635502e-01 -5.40577102e-03 3.44906357e-03
-7.50000000e-01 4.19078459e-01 4.36585849e-01 -5.42948125e-03 3.46395249e-03
-7.00000000e-01 4.20084460e-01 4.37536584e-01 -5.45326934e-03 3.47888895e-03
-6.50000000e-01 4.21091200e-01 4.38487704e-01 -5.47713538e-03 3.49387300e-03
-6.00000000e-01 4.22098674e-01 4.39439201e-01 -5.50107951e-03 3.50890472e-03
-5.50000000e-01 4.23106877e-01 4.40391072e-01 -5.52510183e-03 3.52398416e-03
-5.00000000e-01 4.24115802e-01 4.41343309e-01 -5.54920246e-03 3.53911139e-03
-4.50000000e-01 4.25125445e-01 4.42295909e-01 -5.57338152e-03 3.55428646e-03
-4.00000000e-01 4.26135801e-01 4.43248865e-01 -5.59763913e-03 3.56950945e-03
-3.50000000e-01 4.27146864e-01 4.44202173e-01 -5.62197539e-03 3.58478042e-03
-3.00000000e-01 4.28158629e-01 4.45155825e-01 -5.64639042e-03 3.60009942e-03
-2.50000000e-01 4.29171089e-01 4.46109818e-01 -5.67088434e-03 3.61546651e-03
-2.00000000e-01 4.30184241e-01 4.47064146e-01 -5.69545725e-03 3.63088177e-03
-1.50000000e-01 4.31198078e-01 4.48018802e-01 -5.72010928e-03 3.64634524e-03
-1.00000000e-01 4.32212595e-01 4.48973783e-01 -5.74484052e-03 3.66185699e-03
-5.00000000e-02 4.33227787e-01 4.49929081e-01 -5.76965109e-03 3.67741708e-03
8.88178420e-16 4.34243648e-01 4.50884692e-01 -5.79454111e-03 3.69302557e-03
5.00000000e-02 4.35260172e-01 4.51840610e-01 -5.81951068e-03 3.70868251e-03
1.00000000e-01 4.36277355e-01 4.52796830e-01 -5.84455991e-03 3.72438796e-03
1.50000000e-01 4.37295190e-01 4.53753345e-01 -5.86968891e-03 3.74014199e-03
2.00000000e-01 4.38313672e-01 4.54710151e-01 -5.89489778e-03 3.75594465e-03
2.50000000e-01 4.39332796e-01 4.55667242e-01 -5.92018664e-03 3.77179599e-03
3.00000000e-01 4.40352556e-01 4.56624613e-01 -5.94555560e-03 3.78769608e-03
3.50000000e-01 4.41372946e-01 4.57582257e-01 -5.97100475e-03 3.80364496e-03
4.00000000e-01 4.42393962e-01 4.58540170e-01 -5.99653420e-03 3.81964271e-03
4.50000000e-01 4.43415597e-01 4.59498346e-01 -6.02214407e-03 3.83568936e-03
5.00000000e-01 4.44437846e-01 4.60456778e-01 -6.04783444e-03 3.85178498e-03
5.50000000e-01 4.45460703e-01 4.61415462e-01 -6.07360544e-03 3.86792962e-03
6.00000000e-01 4.46484162e-01 4.62374393e-01 -6.09945715e-03 3.88412333e-03
6.50000000e-01 4.47508219e-01 4.63333563e-01 -6.12538969e-03 3.90036618e-03
7.00000000e-01 4.48532867e-01 4.64292969e-01 -6.15140315e-03 3.91665821e-03
7.50000000e-01 4.49558101e-01 4.65252603e-01 -6.17749763e-03 3.93299947e-03
8.00000000e-01 4.50583915e-01 4.66212462e-01 -6.20367324e-03 3.94939002e-03
8.50000000e-01 4.51610303e-01 4.67172538e-01 -6.22993008e-03 3.96582991e-03
9.00000000e-01 4.52637260e-01 4.68132827e-01 -6.25626824e-03 3.98231919e-03
9.50000000e-01 4.53664780e-01 4.69093322e-01 -6.28268783e-03 3.99885792e-03
1.00000000e+00 4.54692858e-01 4.70054019e-01 -6.30918894e-03 4.01544614e-03
2.00000000e+00 4.75362609e-01 4.89301490e-01 -6.85647549e-03 4.35767828e-03
3.00000000e+00 4.96206464e-01 5.08581743e-01 -7.43711978e-03 4.72008487e-03
4.00000000e+00 5.17176587e-01 5.27848957e-01 -8.05172130e-03 5.10294935e-03
5.00000000e+00 5.38224047e-01 5.47057155e-01 -8.70074767e-03 5.50646836e-03
6.00000000e+00 5.59299138e-01 5.66160514e-01 -9.38452273e-03 5.93074465e-03
7.00000000e+00 5.80351702e-01 5.85113666e-01 -1.01032152e-02 6.37578048e-03
8.00000000e+00 6.01331468e-01 6.03872001e-01 -1.08568280e-02 6.84147153e-03
9.00000000e+00 6.22188384e-01 6.22391963e-01 -1.16451889e-02 7.32760151e-03
1.00000000e+01 6.42872951e-01 6.40631324e-01 -1.24679415e-02 7.83383739e-03
2.00000000e+01 8.30362770e-01 7.99734135e-01 -2.23671438e-02 1.38406290e-02
3.00000000e+01 9.60746473e-01 9.01757020e-01 -3.38791592e-02 2.06132054e-02
4.00000000e+01 1.02599621e+00 9.46658934e-01 -4.40654736e-02 2.62960311e-02
5.00000000e+01 1.04148735e+00 9.51822420e-01 -5.03003931e-02 2.93258966e-02
6.00000000e+01 1.02921044e+00 9.36609820e-01 -5.17242995e-02 2.92877244e-02
7.00000000e+01 1.00551444e+00 9.13785101e-01 -4.92677269e-02 2.68558313e-02
8.00000000e+01 9.78723301e-01 8.89277810e-01 -4.45707892e-02 2.30900271e-02
9.00000000e+01 9.51949960e-01 8.65128135e-01 -3.89816794e-02 1.88291145e-02
1.00000000e+02 9.26057379e-01 8.41850580e-01 -3.32427355e-02 1.45232850e-02
2.00000000e+02 7.18908704e-01 6.55698872e-01 1.26525158e-02 -1.96470781e-02
3.00000000e+02 5.82190893e-01 5.32734237e-01 4.10708950e-02 -4.06882719e-02
4.00000000e+02 4.90771917e-01 4.50411093e-01 5.82852222e-02 -5.33204959e-02
5.00000000e+02 4.28523338e-01 3.94262571e-01 6.83441874e-02 -6.05855842e-02
6.00000000e+02 3.85096448e-01 3.55006000e-01 7.38437614e-02 -6.44338265e-02
7.00000000e+02 3.53849913e-01 3.26684075e-01 7.64481340e-02 -6.61153945e-02
8.00000000e+02 3.30520505e-01 3.05472567e-01 7.72238560e-02 -6.64314108e-02
9.00000000e+02 3.12370471e-01 2.88915545e-01 7.68541659e-02 -6.58949906e-02
1.00000000e+03 2.97640639e-01 2.75434833e-01 7.57764628e-02 -6.48345367e-02
1.10000000e+03 2.85199616e-01 2.64015353e-01 7.42704843e-02 -6.34599954e-02
1.20000000e+03 2.74318774e-01 2.54003305e-01 7.25148654e-02 -6.19053532e-02
1.30000000e+03 2.64527921e-01 2.44976696e-01 7.06234159e-02 -6.02558952e-02
1.40000000e+03 2.55522719e-01 2.36662311e-01 6.86683886e-02 -5.85656882e-02
