5.00000e+02 1.63307564e-10
5.01000e+02 6.74817545e-11
5.02000e+02 2.72059028e-11
5.03000e+02 1.07013023e-11
5.04000e+02 4.10683099e-12
5.05000e+02 1.53770753e-12
5.06000e+02 5.61742605e-13
5.07000e+02 2.00215501e-13
5.08000e+02 6.96233222e-14
5.09000e+02 2.36215558e-14
5.10000e+02 7.81913958e-15
5.11000e+02 2.52526026e-15
5.12000e+02 7.95701239e-16
5.13000e+02 2.44619253e-16
5.14000e+02 7.33715930e-17
5.15000e+02 2.14714796e-17
5.16000e+02 6.13045497e-18
5.17000e+02 1.70773372e-18
5.18000e+02 4.64134990e-19
5.19000e+02 1.23073678e-19
5.20000e+02 3.18407112e-20
5.21000e+02 8.03705704e-21
5.22000e+02 1.97928372e-21
5.23000e+02 4.75571443e-22
5.24000e+02 1.11485974e-22
5.25000e+02 2.54989505e-23
5.26000e+02 5.69039553e-24
5.27000e+02 1.24041726e-24
5.28000e+02 2.71151717e-25
5.29000e+02 9.40273516e-26
5.30000e+02 2.01198542e-25
5.31000e+02 8.95680149e-25
5.32000e+02 4.09628714e-24
5.33000e+02 1.83186619e-23
5.34000e+02 7.99345552e-23
5.35000e+02 3.40309286e-22
5.36000e+02 1.41354559e-21
5.37000e+02 5.72852159e-21
5.38000e+02 2.26501978e-20
5.39000e+02 8.73772066e-20
5.40000e+02 3.28867551e-19
5.41000e+02 1.20764866e-18
5.42000e+02 4.32670111e-18
5.43000e+02 1.51241124e-17
5.44000e+02 5.15797948e-17
5.45000e+02 1.71627167e-16
5.46000e+02 5.57171855e-16
5.47000e+02 1.76477368e-15
5.48000e+02 5.45362881e-15
5.49000e+02 1.64429163e-14
5.50000e+02 4.83691912e-14
5.51000e+02 1.38821112e-13
5.52000e+02 3.88721821e-13
5.53000e+02 1.06198660e-12
5.54000e+02 2.83071314e-12
5.55000e+02 7.36155225e-12
5.56000e+02 1.86783989e-11
5.57000e+02 4.62388055e-11
5.58000e+02 1.11678681e-10
5.59000e+02 2.63166533e-10
5.60000e+02 6.05045107e-10
5.61000e+02 1.35719283e-09
5.62000e+02 2.97024364e-09
5.63000e+02 6.34219077e-09
5.64000e+02 1.32124464e-08
5.65000e+02 2.68549216e-08
5.66000e+02 5.32551057e-08
5.67000e+02 1.03037502e-07
5.68000e+02 1.94502911e-07
5.69000e+02 3.58223111e-07
5.70000e+02 6.43691549e-07
5.71000e+02 1.12849262e-06
5.72000e+02 1.93026241e-06
5.73000e+02 3.22129645e-06
5.74000e+02 5.24495474e-06
5.75000e+02 8.33200471e-06
5.76000e+02 1.29137978e-05
5.77000e+02 1.95278831e-05
5.78000e+02 2.88106504e-05
5.79000e+02 4.14713019e-05
5.80000e+02 5.82423632e-05
5.81000e+02 7.98044333e-05
5.82000e+02 1.06687063e-04
5.83000e+02 1.39153205e-04
5.84000e+02 1.77080759e-04
5.85000e+02 2.19860014e-04
5.86000e+02 2.66328619e-04
5.87000e+02 3.14764782e-04
5.88000e+02 3.62953630e-04
5.89000e+02 4.08331481e-04
5.90000e+02 4.48199425e-04
5.91000e+02 4.79983644e-04
5.92000e+02 5.01508493e-04
5.93000e+02 5.11242391e-04
5.94000e+02 5.08477961e-04
5.95000e+02 4.93417015e-04
5.96000e+02 4.67146201e-04
5.97000e+02 4.31507384e-04
5.98000e+02 3.88884252e-04
5.99000e+02 3.41939440e-04
6.00000e+02 2.93342345e-04
6.01000e+02 2.45525762e-04
6.02000e+02 2.00500833e-04
6.03000e+02 1.59746837e-04
6.04000e+02 1.24178321e-04
6.05000e+02 9.41798525e-05
6.06000e+02 6.96903183e-05
6.07000e+02 5.03151581e-05
6.08000e+02 3.54457435e-05
6.09000e+02 2.43692730e-05
6.10000e+02 1.63583578e-05
6.11000e+02 1.07354767e-05
6.12000e+02 6.91250009e-06
6.13000e+02 4.40892350e-06
6.14000e+02 2.85417807e-06
6.15000e+02 1.97964765e-06
6.16000e+02 1.60526478e-06
6.17000e+02 1.62425580e-06
6.18000e+02 1.98817396e-06
6.19000e+02 2.69309140e-06
6.20000e+02 3.76688946e-06
6.21000e+02 5.25706522e-06
6.22000e+02 7.21836291e-06
6.23000e+02 9.69979148e-06
6.24000e+02 1.27311138e-05
6.25000e+02 1.63095599e-05
6.26000e+02 2.03881655e-05
6.27000e+02 2.48675891e-05
6.28000e+02 2.95933554e-05
6.29000e+02 3.43601019e-05
6.30000e+02 3.89235525e-05
6.31000e+02 4.30197222e-05
6.32000e+02 4.63894886e-05
6.33000e+02 4.88054510e-05
6.34000e+02 5.00972407e-05
6.35000e+02 5.01713746e-05
6.36000e+02 4.90224381e-05
6.37000e+02 4.67337387e-05
6.38000e+02 4.34673193e-05
6.39000e+02 3.94449945e-05
6.40000e+02 3.49234913e-05
6.41000e+02 3.01675554e-05
6.42000e+02 2.54249024e-05
6.43000e+02 2.09062039e-05
6.44000e+02 1.67721130e-05
6.45000e+02 1.31279553e-05
6.46000e+02 1.00254324e-05
6.47000e+02 7.46974617e-06
6.48000e+02 5.43006825e-06
6.49000e+02 3.85124762e-06
6.50000e+02 2.66498218e-06
6.51000e+02 1.79921841e-06
6.52000e+02 1.18514142e-06
6.53000e+02 7.61646018e-07
6.54000e+02 4.77565436e-07
6.55000e+02 2.92152300e-07
6.56000e+02 1.74374287e-07
6.57000e+02 1.01543537e-07
6.58000e+02 5.76924318e-08
6.59000e+02 3.19802690e-08
6.60000e+02 1.72958572e-08
6.61000e+02 9.12638493e-09
6.62000e+02 4.69842376e-09
6.63000e+02 2.35994726e-09
6.64000e+02 1.15650929e-09
6.65000e+02 5.52958686e-10
6.66000e+02 2.57948566e-10
6.67000e+02 1.17400912e-10
6.68000e+02 5.21333430e-11
6.69000e+02 2.25903987e-11
6.70000e+02 9.56165023e-12
6.71000e+02 3.98271633e-12
6.72000e+02 1.72108407e-12
6.73000e+02 1.02342801e-12
6.74000e+02 1.38718399e-12
6.75000e+02 3.29686191e-12
6.76000e+02 8.77040789e-12
6.77000e+02 2.32336836e-11
6.78000e+02 6.02171600e-11
6.79000e+02 1.52328475e-10
6.80000e+02 3.75976161e-10
6.81000e+02 9.05397180e-10
6.82000e+02 2.12723302e-09
6.83000e+02 4.87627013e-09
6.84000e+02 1.09057909e-08
6.85000e+02 2.37970589e-08
6.86000e+02 5.06624419e-08
6.87000e+02 1.05231476e-07
6.88000e+02 2.13256323e-07
6.89000e+02 4.21652698e-07
6.90000e+02 8.13400737e-07
6.91000e+02 1.53091455e-06
6.92000e+02 2.81121493e-06
6.93000e+02 5.03655826e-06
6.94000e+02 8.80380440e-06
6.95000e+02 1.50142492e-05
6.96000e+02 2.49823659e-05
6.97000e+02 4.05564769e-05
6.98000e+02 6.42367542e-05
6.99000e+02 9.92667190e-05
7.00000e+02 1.49665072e-04
7.01000e+02 2.20157741e-04
7.02000e+02 3.15968779e-04
7.03000e+02 4.42436651e-04
7.04000e+02 6.04442136e-04
7.05000e+02 8.05666078e-04
7.06000e+02 1.04773665e-03
7.07000e+02 1.32937010e-03
7.08000e+02 1.64564588e-03
7.09000e+02 1.98757524e-03
7.10000e+02 2.34211104e-03
7.11000e+02 2.69270077e-03
7.12000e+02 3.02040667e-03
7.13000e+02 3.30551747e-03
7.14000e+02 3.52947577e-03
7.15000e+02 3.67686483e-03
7.16000e+02 3.73716123e-03
7.17000e+02 3.70597698e-03
7.18000e+02 3.58558738e-03
7.19000e+02 3.38465661e-03
7.20000e+02 3.11720691e-03
7.21000e+02 2.80100160e-03
7.22000e+02 2.45560096e-03
7.23000e+02 2.10038518e-03
7.24000e+02 1.75281792e-03
7.25000e+02 1.42715577e-03
7.26000e+02 1.13371178e-03
7.27000e+02 8.78679825e-04
7.28000e+02 6.64439374e-04
7.29000e+02 4.90203918e-04
7.30000e+02 3.52853887e-04
7.31000e+02 2.47804818e-04
7.32000e+02 1.69793592e-04
7.33000e+02 1.13508807e-04
7.34000e+02 7.40345655e-05
7.35000e+02 4.71125071e-05
7.36000e+02 2.92505888e-05
7.37000e+02 1.77186129e-05
7.38000e+02 1.04718048e-05
7.39000e+02 6.03823578e-06
7.40000e+02 3.39699813e-06
7.41000e+02 1.86456385e-06
7.42000e+02 9.98518059e-07
7.43000e+02 5.21712568e-07
7.44000e+02 2.65952076e-07
7.45000e+02 1.32273298e-07
7.46000e+02 6.41856126e-08
7.47000e+02 3.03878455e-08
7.48000e+02 1.40365004e-08
7.49000e+02 6.32578584e-09
7.50000e+02 2.78142173e-09
7.51000e+02 1.19320740e-09
7.52000e+02 4.99415380e-10
7.53000e+02 2.03941553e-10
7.54000e+02 8.12556745e-11
7.55000e+02 3.15898725e-11
7.56000e+02 1.19913209e-11
7.57000e+02 4.46327174e-12
7.58000e+02 1.67409595e-12
7.59000e+02 7.36450048e-13
7.60000e+02 5.87911746e-13
7.61000e+02 9.42282551e-13
7.62000e+02 1.92623835e-12
7.63000e+02 4.04245209e-12
7.64000e+02 8.34343025e-12
7.65000e+02 1.68215839e-11
7.66000e+02 3.30952090e-11
7.67000e+02 6.35290014e-11
7.68000e+02 1.18980952e-10
7.69000e+02 2.17410160e-10
7.70000e+02 3.87595728e-10
7.71000e+02 6.74178418e-10
7.72000e+02 1.14410905e-09
7.73000e+02 1.89433468e-09
7.74000e+02 3.06014995e-09
7.75000e+02 4.82309057e-09
7.76000e+02 7.41659970e-09
7.77000e+02 1.11270739e-08
7.78000e+02 1.62874770e-08
7.79000e+02 2.32607316e-08
7.80000e+02 3.24107915e-08
7.81000e+02 4.40608240e-08
7.82000e+02 5.84402821e-08
7.83000e+02 7.56255774e-08
7.84000e+02 9.54820677e-08
7.85000e+02 1.17617417e-07
7.86000e+02 1.41357277e-07
7.87000e+02 1.65753007e-07
7.88000e+02 1.89627524e-07
7.89000e+02 2.11659634e-07
7.90000e+02 2.30500260e-07
7.91000e+02 2.44907176e-07
7.92000e+02 2.53879896e-07
7.93000e+02 2.56774460e-07
7.94000e+02 2.53379835e-07
7.95000e+02 2.43943350e-07
7.96000e+02 2.29140909e-07
7.97000e+02 2.09996951e-07
7.98000e+02 1.87767342e-07
7.99000e+02 1.63803749e-07
8.00000e+02 1.39419760e-07
8.01000e+02 1.15776798e-07
8.02000e+02 9.38027233e-08
8.03000e+02 7.41491322e-08
8.04000e+02 5.71864858e-08
8.05000e+02 4.30306055e-08
8.06000e+02 3.15906250e-08
8.07000e+02 2.26274542e-08
8.08000e+02 1.58128408e-08
8.09000e+02 1.07815427e-08
8.10000e+02 7.17214498e-09
8.11000e+02 4.65496036e-09
8.12000e+02 2.94774194e-09
8.13000e+02 1.82140496e-09
8.14000e+02 1.09861004e-09
8.15000e+02 6.48095614e-10
8.16000e+02 3.77344213e-10
8.17000e+02 2.25858391e-10
8.18000e+02 1.61407235e-10
8.19000e+02 1.82642217e-10
8.20000e+02 3.34404241e-10
8.21000e+02 7.48522960e-10
8.22000e+02 1.73593715e-09
8.23000e+02 3.98069672e-09
8.24000e+02 8.93126495e-09
8.25000e+02 1.95624281e-08
8.26000e+02 4.18103369e-08
8.27000e+02 8.71871949e-08
8.28000e+02 1.77386617e-07
8.29000e+02 3.52116365e-07
8.30000e+02 6.81943486e-07
8.31000e+02 1.28856786e-06
8.32000e+02 2.37554313e-06
8.33000e+02 4.27282649e-06
8.34000e+02 7.49832580e-06
8.35000e+02 1.28383753e-05
8.36000e+02 2.14463080e-05
8.37000e+02 3.49535846e-05
8.38000e+02 5.55811611e-05
8.39000e+02 8.62303642e-05
8.40000e+02 1.30523748e-04
8.41000e+02 1.92759400e-04
8.42000e+02 2.77739920e-04
8.43000e+02 3.90443105e-04
8.44000e+02 5.35517815e-04
8.45000e+02 7.16616497e-04
8.46000e+02 9.35613322e-04
8.47000e+02 1.19179817e-03
8.48000e+02 1.48117289e-03
8.49000e+02 1.79599672e-03
8.50000e+02 2.12472186e-03
8.51000e+02 2.45242335e-03
8.52000e+02 2.76175839e-03
8.53000e+02 3.03440080e-03
8.54000e+02 3.25280092e-03
8.55000e+02 3.40204265e-03
8.56000e+02 3.47152726e-03
8.57000e+02 3.45622055e-03
8.58000e+02 3.35726052e-03
8.59000e+02 3.18182449e-03
8.60000e+02 2.94227827e-03
8.61000e+02 2.65474888e-03
8.62000e+02 2.33735089e-03
8.63000e+02 2.00833766e-03
8.64000e+02 1.68443755e-03
8.65000e+02 1.37957681e-03
8.66000e+02 1.10410443e-03
8.67000e+02 8.64538249e-04
8.68000e+02 6.63768817e-04
8.69000e+02 5.01600131e-04
8.70000e+02 3.75482186e-04
8.71000e+02 2.81296117e-04
8.72000e+02 2.14081243e-04
8.73000e+02 1.68633113e-04
8.74000e+02 1.39942326e-04
8.75000e+02 1.23477221e-04
8.76000e+02 1.15335319e-04
8.77000e+02 1.12297992e-04
8.78000e+02 1.11822445e-04
8.79000e+02 1.11998266e-04
8.80000e+02 1.11486585e-04
8.81000e+02 1.09451211e-04
8.82000e+02 1.05485071e-04
8.83000e+02 9.95324240e-05
8.84000e+02 9.18071798e-05
8.85000e+02 8.27091998e-05
8.86000e+02 7.27424199e-05
8.87000e+02 6.24399600e-05
8.88000e+02 5.23015190e-05
8.89000e+02 4.27471955e-05
8.90000e+02 3.40897792e-05
8.91000e+02 2.65250938e-05
8.92000e+02 2.01377538e-05
8.93000e+02 1.49181752e-05
8.94000e+02 1.07860760e-05
8.95000e+02 7.61599284e-06
8.96000e+02 5.26129260e-06
8.97000e+02 3.57447841e-06
8.98000e+02 2.42294300e-06
8.99000e+02 1.70047788e-06
9.00000e+02 1.33564265e-06
9.01000e+02 1.29848043e-06
9.02000e+02 1.60703596e-06
9.03000e+02 2.33473114e-06
9.04000e+02 3.61893058e-06
9.05000e+02 5.67004936e-06
9.06000e+02 8.77940694e-06
9.07000e+02 1.33228635e-05
9.08000e+02 1.97563126e-05
9.09000e+02 2.85986567e-05
9.10000e+02 4.03983005e-05
9.11000e+02 5.56807667e-05
9.12000e+02 7.48779016e-05
9.13000e+02 9.82431227e-05
9.14000e+02 1.25761732e-04
9.15000e+02 1.57069537e-04
9.16000e+02 1.91395741e-04
9.17000e+02 2.27546066e-04
9.18000e+02 2.63938729e-04
9.19000e+02 2.98698903e-04
9.20000e+02 3.29807742e-04
9.21000e+02 3.55291468e-04
9.22000e+02 3.73426747e-04
9.23000e+02 3.82932984e-04
9.24000e+02 3.83121780e-04
9.25000e+02 3.73979347e-04
9.26000e+02 3.56168172e-04
9.27000e+02 3.30947654e-04
9.28000e+02 3.00026916e-04
9.29000e+02 2.65373675e-04
9.30000e+02 2.29008801e-04
9.31000e+02 1.92816066e-04
9.32000e+02 1.58391172e-04
9.33000e+02 1.26944953e-04
9.34000e+02 9.92651079e-05
9.35000e+02 7.57311425e-05
9.36000e+02 5.63701395e-05
9.37000e+02 4.09374156e-05
9.38000e+02 2.90060402e-05
9.39000e+02 2.00517915e-05
9.40000e+02 1.35242947e-05
9.41000e+02 8.89964705e-06
9.42000e+02 5.71383443e-06
9.43000e+02 3.57914449e-06
9.44000e+02 2.18739655e-06
9.45000e+02 1.30428508e-06
9.46000e+02 7.58777141e-07
9.47000e+02 4.30677976e-07
9.48000e+02 2.38499680e-07
9.49000e+02 1.28860453e-07
9.50000e+02 6.79279085e-08
9.51000e+02 3.49360411e-08
9.52000e+02 1.75305964e-08
9.53000e+02 8.58264710e-09
9.54000e+02 4.09987371e-09
9.55000e+02 1.91151326e-09
9.56000e+02 8.71376572e-10
9.57000e+02 3.92287628e-10
9.58000e+02 1.84077197e-10
9.59000e+02 1.12483056e-10
9.60000e+02 1.28799811e-10
9.61000e+02 2.42662691e-10
9.62000e+02 5.26321877e-10
9.63000e+02 1.15151191e-09
9.64000e+02 2.47267321e-09
9.65000e+02 5.18576381e-09
9.66000e+02 1.06128941e-08
9.67000e+02 2.11916735e-08
9.68000e+02 4.12853290e-08
9.69000e+02 7.84735624e-08
9.70000e+02 1.45528405e-07
9.71000e+02 2.63310934e-07
9.72000e+02 4.64822060e-07
9.73000e+02 8.00573629e-07
9.74000e+02 1.34527955e-06
9.75000e+02 2.20556831e-06
9.76000e+02 3.52797254e-06
9.77000e+02 5.50587809e-06
9.78000e+02 8.38348703e-06
9.79000e+02 1.24543055e-05
9.80000e+02 1.80514063e-05
9.81000e+02 2.55269708e-05
9.82000e+02 3.52195849e-05
9.83000e+02 4.74095567e-05
9.84000e+02 6.22650396e-05
9.85000e+02 7.97846516e-05
9.86000e+02 9.97450033e-05
9.87000e+02 1.21663318e-04
9.88000e+02 1.44785435e-04
9.89000e+02 1.68107390e-04
9.90000e+02 1.90434419e-04
9.91000e+02 2.10475135e-04
9.92000e+02 2.26961849e-04
9.93000e+02 2.38782028e-04
9.94000e+02 2.45102151e-04
9.95000e+02 2.45464855e-04
9.96000e+02 2.39843652e-04
9.97000e+02 2.28646126e-04
9.98000e+02 2.12665078e-04
9.99000e+02 1.92985741e-04
1.00000e+03 1.70864160e-04
1.00100e+03 1.47595610e-04
1.00200e+03 1.24392047e-04
1.00300e+03 1.02284188e-04
1.00400e+03 8.20580330e-05
1.00500e+03 6.42288893e-05
1.00600e+03 4.90497088e-05
1.00700e+03 3.65459424e-05
1.00800e+03 2.65667611e-05
1.00900e+03 1.88423369e-05
1.01000e+03 1.30385000e-05
1.01100e+03 8.80272650e-06
1.01200e+03 5.79833759e-06
1.01300e+03 3.72637448e-06
1.01400e+03 2.33650228e-06
1.01500e+03 1.42936331e-06
1.01600e+03 8.53131083e-07
1.01700e+03 4.96804602e-07
1.01800e+03 2.82261839e-07
1.01900e+03 1.56464362e-07
1.02000e+03 8.46204662e-08
1.02100e+03 4.46510940e-08
1.02200e+03 2.29871699e-08
1.02300e+03 1.15461081e-08
1.02400e+03 5.65825404e-09
1.02500e+03 2.70536569e-09
1.02600e+03 1.26201996e-09
1.02700e+03 5.74385122e-10
1.02800e+03 2.55056767e-10
1.02900e+03 1.10501260e-10
1.03000e+03 4.67083282e-11
1.03100e+03 1.92627428e-11
1.03200e+03 7.75065917e-12
1.03300e+03 3.04267710e-12
1.03400e+03 1.16538601e-12
1.03500e+03 4.35492269e-13
1.03600e+03 1.58777079e-13
1.03700e+03 5.64796347e-14
1.03800e+03 1.96016514e-14
1.03900e+03 6.63728023e-15
1.04000e+03 2.19272596e-15
1.04100e+03 7.06765390e-16
1.04200e+03 2.22260814e-16
1.04300e+03 6.81941686e-17
1.04400e+03 2.04140084e-17
1.04500e+03 5.96219325e-18
1.04600e+03 1.69894970e-18
1.04700e+03 4.72336714e-19
1.04800e+03 1.28120787e-19
1.04900e+03 3.39065969e-20
1.05000e+03 8.75478572e-21
1.05100e+03 2.20548216e-21
1.05200e+03 5.42073639e-22
1.05300e+03 1.29989939e-22
1.05400e+03 3.04129047e-23
1.05500e+03 6.94229037e-24
1.05600e+03 1.54612415e-24
1.05700e+03 3.35956281e-25
1.05800e+03 7.12230599e-26
1.05900e+03 1.47342795e-26
1.06000e+03 2.98747717e-27
1.06100e+03 6.62363506e-28
1.06200e+03 5.09124029e-28
1.06300e+03 2.01414347e-27
1.06400e+03 9.77397854e-27
1.06500e+03 4.67286502e-26
1.06600e+03 2.18048573e-25
1.06700e+03 9.92725183e-25
1.06800e+03 4.40966283e-24
1.06900e+03 1.91109653e-23
1.07000e+03 8.08093075e-23
1.07100e+03 3.33382195e-22
1.07200e+03 1.34191967e-21
1.07300e+03 5.27004964e-21
1.07400e+03 2.01933367e-20
1.07500e+03 7.54932201e-20
1.07600e+03 2.75369467e-19
1.07700e+03 9.80016301e-19
1.07800e+03 3.40300407e-18
1.07900e+03 1.15293696e-17
1.08000e+03 3.81123030e-17
1.08100e+03 1.22926175e-16
1.08200e+03 3.86853517e-16
1.08300e+03 1.18788862e-15
1.08400e+03 3.55906947e-15
1.08500e+03 1.04048074e-14
1.08600e+03 2.96807262e-14
1.08700e+03 8.26161308e-14
1.08800e+03 2.24394921e-13
1.08900e+03 5.94741455e-13
1.09000e+03 1.53822880e-12
1.09100e+03 3.88242670e-12
1.09200e+03 9.56288676e-12
1.09300e+03 2.29876191e-11
1.09400e+03 5.39307277e-11
1.09500e+03 1.23491343e-10
1.09600e+03 2.76005809e-10
1.09700e+03 6.02154851e-10
1.09800e+03 1.28243936e-09
1.09900e+03 2.66648209e-09
1.10000e+03 5.41318274e-09
1.10100e+03 1.07305722e-08
1.10200e+03 2.07729746e-08
1.10300e+03 3.92767440e-08
1.10400e+03 7.25429099e-08
1.10500e+03 1.30901813e-07
1.10600e+03 2.30814514e-07
1.10700e+03 3.97768297e-07
1.10800e+03 6.70095897e-07
1.10900e+03 1.10377554e-06
1.11000e+03 1.77813830e-06
1.11100e+03 2.80221306e-06
1.11200e+03 4.32117924e-06
1.11300e+03 6.52209101e-06
1.11400e+03 9.63771583e-06
1.11500e+03 1.39470472e-05
1.11600e+03 1.97708690e-05
1.11700e+03 2.74607418e-05
1.11800e+03 3.73800256e-05
1.11900e+03 4.98761071e-05
1.12000e+03 6.52439180e-05
1.12100e+03 8.36821034e-05
1.12200e+03 1.05244772e-04
1.12300e+03 1.29793484e-04
1.12400e+03 1.56955755e-04
1.12500e+03 1.86097491e-04
1.12600e+03 2.16317068e-04
1.12700e+03 2.46467712e-04
1.12800e+03 2.75212309e-04
1.12900e+03 3.01110691e-04
1.13000e+03 3.22734297e-04
1.13100e+03 3.38797676e-04
1.13200e+03 3.48291692e-04
1.13300e+03 3.50600661e-04
1.13400e+03 3.45585902e-04
1.13500e+03 3.33621625e-04
1.13600e+03 3.15575384e-04
1.13700e+03 2.92733369e-04
1.13800e+03 2.66679101e-04
1.13900e+03 2.39140956e-04
1.14000e+03 2.11828110e-04
1.14100e+03 1.86275303e-04
1.14200e+03 1.63714377e-04
1.14300e+03 1.44985646e-04
1.14400e+03 1.30495919e-04
1.14500e+03 1.20223717e-04
1.14600e+03 1.13766749e-04
1.14700e+03 1.10422668e-04
1.14800e+03 1.09291671e-04
1.14900e+03 1.09388482e-04
1.15000e+03 1.09751477e-04
1.15100e+03 1.09538017e-04
1.15200e+03 1.08097194e-04
1.15300e+03 1.05014175e-04
1.15400e+03 1.00123836e-04
1.15500e+03 9.34951148e-05
1.15600e+03 8.53910226e-05
1.15700e+03 7.62119424e-05
1.15800e+03 6.64313478e-05
1.15900e+03 5.65330895e-05
1.16000e+03 4.69580178e-05
1.16100e+03 3.80652598e-05
1.16200e+03 3.01105090e-05
1.16300e+03 2.32407968e-05
1.16400e+03 1.75029217e-05
1.16500e+03 1.28613297e-05
1.16600e+03 9.22083108e-06
1.16700e+03 6.44998534e-06
1.16800e+03 4.40198994e-06
1.16900e+03 2.93115800e-06
1.17000e+03 1.90426828e-06
1.17100e+03 1.20702158e-06
1.17200e+03 7.46447835e-07
1.17300e+03 4.50382104e-07
1.17400e+03 2.65130586e-07
1.17500e+03 1.52277403e-07
1.17600e+03 8.53312165e-08
1.17700e+03 4.66527459e-08
1.17800e+03 2.48853212e-08
1.17900e+03 1.29510815e-08
1.18000e+03 6.57605684e-09
1.18100e+03 3.25778038e-09
1.18200e+03 1.57461640e-09
1.18300e+03 7.42547865e-10
1.18400e+03 3.41641682e-10
1.18500e+03 1.53360658e-10
1.18600e+03 6.71666655e-11
1.18700e+03 2.87005570e-11
1.18800e+03 1.19652995e-11
1.18900e+03 4.86691246e-12
1.19000e+03 1.93143550e-12
1.19100e+03 7.47831247e-13
1.19200e+03 2.82503519e-13
1.19300e+03 1.04121950e-13
1.19400e+03 3.74431436e-14
1.19500e+03 1.31416565e-14
1.19600e+03 4.51602426e-15
1.19700e+03 1.56805012e-15
1.19800e+03 7.09084168e-16
1.19900e+03 8.65551768e-16
1.20000e+03 2.28603033e-15
1.20100e+03 6.89595614e-15
1.20200e+03 2.06498693e-14
1.20300e+03 6.04344933e-14
1.20400e+03 1.72592880e-13
1.20500e+03 4.80911130e-13
1.20600e+03 1.30738714e-12
1.20700e+03 3.46769081e-12
1.20800e+03 8.97373512e-12
1.20900e+03 2.26570226e-11
1.21000e+03 5.58121996e-11
1.21100e+03 1.34138101e-10
1.21200e+03 3.14537099e-10
1.21300e+03 7.19595290e-10
1.21400e+03 1.60620680e-09
1.21500e+03 3.49793164e-09
1.21600e+03 7.43220854e-09
1.21700e+03 1.54071095e-08
1.21800e+03 3.11617013e-08
1.21900e+03 6.14918930e-08
1.22000e+03 1.18388980e-07
1.22100e+03 2.22382907e-07
1.22200e+03 4.07556891e-07
1.22300e+03 7.28738625e-07
1.22400e+03 1.27131171e-06
1.22500e+03 2.16385931e-06
1.22600e+03 3.59337632e-06
1.22700e+03 5.82201198e-06
1.22800e+03 9.20322839e-06
1.22900e+03 1.41939743e-05
1.23000e+03 2.13581948e-05
1.23100e+03 3.13560813e-05
1.23200e+03 4.49133791e-05
1.23300e+03 6.27662803e-05
1.23400e+03 8.55802921e-05
1.23500e+03 1.13846019e-04
1.23600e+03 1.47760599e-04
1.23700e+03 1.87109634e-04
1.23800e+03 2.31169411e-04
1.23900e+03 2.78651442e-04
1.24000e+03 3.27709427e-04
1.24100e+03 3.76022027e-04
1.24200e+03 4.20953717e-04
1.24300e+03 4.59782166e-04
1.24400e+03 4.89966748e-04
1.24500e+03 5.09422125e-04
1.24600e+03 5.16756217e-04
1.24700e+03 5.11434863e-04
1.24800e+03 4.93846135e-04
1.24900e+03 4.65253555e-04
1.25000e+03 4.27646038e-04
1.25100e+03 3.83509315e-04
1.25200e+03 3.35555292e-04
1.25300e+03 2.86450100e-04
1.25400e+03 2.38578101e-04
1.25500e+03 1.93869231e-04
1.25600e+03 1.53703557e-04
1.25700e+03 1.18892834e-04
1.25800e+03 8.97272208e-05
1.25900e+03 6.60677749e-05
1.26000e+03 4.74627131e-05
1.26100e+03 3.32670619e-05
1.26200e+03 2.27499547e-05
1.26300e+03 1.51798609e-05
1.26400e+03 9.88397332e-06
1.26500e+03 6.28278709e-06
1.26600e+03 3.90406833e-06
1.26700e+03 2.38190364e-06
1.26800e+03 1.44665396e-06
1.26900e+03 9.10868236e-07
1.27000e+03 6.55007445e-07
1.27100e+03 6.15545557e-07
1.27200e+03 7.76864036e-07
1.27300e+03 1.16741406e-06
1.27400e+03 1.85985851e-06
1.27500e+03 2.97424643e-06
1.27600e+03 4.68264237e-06
1.27700e+03 7.21300621e-06
1.27800e+03 1.08495499e-05
1.27900e+03 1.59264272e-05
1.28000e+03 2.28116558e-05
1.28100e+03 3.18788555e-05
1.28200e+03 4.34658961e-05
1.28300e+03 5.78218890e-05
1.28400e+03 7.50469305e-05
1.28500e+03 9.50321157e-05
1.28600e+03 1.17409869e-04
1.28700e+03 1.41525770e-04
1.28800e+03 1.66442092e-04
1.28900e+03 1.90979836e-04
1.29000e+03 2.13800432e-04
1.29100e+03 2.33521221e-04
1.29200e+03 2.48851829e-04
1.29300e+03 2.58733125e-04
1.29400e+03 2.62458076e-04
1.29500e+03 2.59755385e-04
1.29600e+03 2.50822152e-04
1.29700e+03 2.36300114e-04
1.29800e+03 2.17199432e-04
1.29900e+03 1.94782596e-04
1.30000e+03 1.70426974e-04
1.30100e+03 1.45486681e-04
1.30200e+03 1.21172729e-04
1.30300e+03 9.84653355e-05
1.30400e+03 7.80654518e-05
1.30500e+03 6.03854171e-05
1.30600e+03 4.55727099e-05
1.30700e+03 3.35569820e-05
1.30800e+03 2.41092126e-05
1.30900e+03 1.69026658e-05
1.31000e+03 1.15677166e-05
1.31100e+03 7.73569253e-06
1.31200e+03 5.06993556e-06
1.31300e+03 3.28476415e-06
1.31400e+03 2.15465409e-06
1.31500e+03 1.51672166e-06
1.31600e+03 1.26961695e-06
1.31700e+03 1.37142481e-06
1.31800e+03 1.83832664e-06
1.31900e+03 2.74476297e-06
1.32000e+03 4.22476777e-06
1.32100e+03 6.47311338e-06
1.32200e+03 9.74400915e-06
1.32300e+03 1.43444755e-05
1.32400e+03 2.06193490e-05
1.32500e+03 2.89253606e-05
1.32600e+03 3.95930253e-05
1.32700e+03 5.28772140e-05
1.32800e+03 6.89000629e-05
1.32900e+03 8.75928963e-05
1.33000e+03 1.08646408e-04
1.33100e+03 1.31479711e-04
1.33200e+03 1.55238300e-04
1.33300e+03 1.78828093e-04
1.33400e+03 2.00987631e-04
1.33500e+03 2.20393930e-04
1.33600e+03 2.35790683e-04
1.33700e+03 2.46121959e-04
1.33800e+03 2.50651783e-04
1.33900e+03 2.49050802e-04
1.34000e+03 2.41435878e-04
1.34100e+03 2.28355981e-04
1.34200e+03 2.10726769e-04
1.34300e+03 1.89724665e-04
1.34400e+03 1.66657452e-04
1.34500e+03 1.42831094e-04
1.34600e+03 1.19431374e-04
1.34700e+03 9.74345843e-05
1.34800e+03 7.75551124e-05
1.34900e+03 6.02308812e-05
1.35000e+03 4.56417087e-05
1.35100e+03 3.37516341e-05
1.35200e+03 2.43646133e-05
1.35300e+03 1.71834827e-05
1.35400e+03 1.18641457e-05
1.35500e+03 8.05978488e-06
1.35600e+03 5.45278291e-06
1.35700e+03 3.77440969e-06
1.35800e+03 2.81391064e-06
1.35900e+03 2.41936745e-06
1.36000e+03 2.49275614e-06
1.36100e+03 2.98123917e-06
1.36200e+03 3.86616953e-06
1.36300e+03 5.15077623e-06
1.36400e+03 6.84718872e-06
1.36500e+03 8.96339477e-06
1.36600e+03 1.14908783e-05
1.36700e+03 1.43939478e-05
1.36800e+03 1.76019997e-05
1.36900e+03 2.10060172e-05
1.37000e+03 2.44603715e-05
1.37100e+03 2.77904358e-05
1.37200e+03 3.08056829e-05
1.37300e+03 3.33169781e-05
1.37400e+03 3.51558902e-05
1.37500e+03 3.61932608e-05
1.37600e+03 3.63541670e-05
1.37700e+03 3.56268528e-05
1.37800e+03 3.40641422e-05
1.37900e+03 3.17770938e-05
1.38000e+03 2.89219526e-05
1.38100e+03 2.56825272e-05
1.38200e+03 2.22507481e-05
1.38300e+03 1.88082413e-05
1.38400e+03 1.55113097e-05
1.38500e+03 1.24808873e-05
1.38600e+03 9.79803908e-06
1.38700e+03 7.50463515e-06
1.38800e+03 5.60811241e-06
1.38900e+03 4.08884407e-06
1.39000e+03 2.90858057e-06
1.39100e+03 2.01863761e-06
1.39200e+03 1.36688611e-06
1.39300e+03 9.03031740e-07
1.39400e+03 5.82063559e-07
1.39500e+03 3.66045032e-07
1.39600e+03 2.24592546e-07
1.39700e+03 1.34447549e-07
1.39800e+03 7.85248732e-08
1.39900e+03 4.47464682e-08
1.40000e+03 2.48776447e-08
1.40100e+03 1.34948420e-08
1.40200e+03 7.14298432e-09
1.40300e+03 3.69123029e-09
1.40400e+03 1.86710411e-09
1.40500e+03 9.36274658e-10
1.40600e+03 4.93499489e-10
1.40700e+03 3.34967516e-10
1.40800e+03 3.90302788e-10
1.40900e+03 7.02156326e-10
1.41000e+03 1.45227867e-09
1.41100e+03 3.04594236e-09
1.41200e+03 6.28296585e-09
1.41300e+03 1.26649887e-08
1.41400e+03 2.49162103e-08
1.41500e+03 4.78281934e-08
1.41600e+03 8.95753062e-08
1.41700e+03 1.63678057e-07
1.41800e+03 2.91802870e-07
1.41900e+03 5.07557691e-07
1.42000e+03 8.61346686e-07
1.42100e+03 1.42615679e-06
1.42200e+03 2.30384509e-06
1.42300e+03 3.63108138e-06
1.42400e+03 5.58361422e-06
1.42500e+03 8.37705828e-06
1.42600e+03 1.22620866e-05
1.42700e+03 1.75119269e-05
1.42800e+03 2.44005830e-05
1.42900e+03 3.31713525e-05
1.43000e+03 4.39969802e-05
1.43100e+03 5.69349926e-05
1.43200e+03 7.18840240e-05
1.43300e+03 8.85487027e-05
1.43400e+03 1.06421343e-04
1.43500e+03 1.24787758e-04
1.43600e+03 1.42761775e-04
1.43700e+03 1.59348730e-04
1.43800e+03 1.73532964e-04
1.43900e+03 1.84379263e-04
1.44000e+03 1.91134409e-04
1.44100e+03 1.93313592e-04
1.44200e+03 1.90757936e-04
1.44300e+03 1.83653644e-04
1.44400e+03 1.72509571e-04
1.44500e+03 1.58096973e-04
1.44600e+03 1.41361330e-04
1.44700e+03 1.23320252e-04
1.44800e+03 1.04962676e-04
1.44900e+03 8.71629857e-05
1.45000e+03 7.06197234e-05
1.45100e+03 5.58234455e-05
1.45200e+03 4.30530551e-05
1.45300e+03 3.23957488e-05
1.45400e+03 2.37831175e-05
1.45500e+03 1.70351614e-05
1.45600e+03 1.19047542e-05
1.45700e+03 8.11692115e-06
1.45800e+03 5.39956696e-06
1.45900e+03 3.50447727e-06
1.46000e+03 2.21913782e-06
1.46100e+03 1.37101439e-06
1.46200e+03 8.26411708e-07
1.46300e+03 4.86012705e-07
1.46400e+03 2.78865953e-07
1.46500e+03 1.56113362e-07
1.46600e+03 8.52670763e-08
1.46700e+03 4.54380178e-08
1.46800e+03 2.36240359e-08
1.46900e+03 1.19835508e-08
1.47000e+03 5.93080523e-09
1.47100e+03 2.86377249e-09
1.47200e+03 1.34914949e-09
1.47300e+03 6.20123727e-10
1.47400e+03 2.78095098e-10
1.47500e+03 1.21676029e-10
1.47600e+03 5.19413742e-11
1.47700e+03 2.16330899e-11
1.47800e+03 8.79063777e-12
1.47900e+03 3.48512960e-12
1.48000e+03 1.34807560e-12
1.48100e+03 5.08752819e-13
1.48200e+03 1.87327478e-13
1.48300e+03 6.73046154e-14
1.48400e+03 2.36204652e-14
1.48500e+03 8.17847009e-15
1.48600e+03 3.05573266e-15
1.48700e+03 2.02661162e-15
1.48800e+03 3.82000339e-15
1.48900e+03 1.07228598e-14
1.49000e+03 3.11921703e-14
1.49100e+03 8.91033901e-14
1.49200e+03 2.48502924e-13
1.49300e+03 6.76231855e-13
1.49400e+03 1.79539316e-12
1.49500e+03 4.65072372e-12
1.49600e+03 1.17537990e-11
1.49700e+03 2.89822896e-11
1.49800e+03 6.97242477e-11
1.49900e+03 1.63655910e-10
1.50000e+03 3.74779873e-10
1.50100e+03 8.37370272e-10
1.50200e+03 1.82538942e-09
1.50300e+03 3.88231017e-09
1.50400e+03 8.05604052e-09
1.50500e+03 1.63098424e-08
1.50600e+03 3.22162213e-08
1.50700e+03 6.20863525e-08
1.50800e+03 1.16738579e-07
1.50900e+03 2.14155569e-07
1.51000e+03 3.83301971e-07
1.51100e+03 6.69344106e-07
1.51200e+03 1.14039301e-06
1.51300e+03 1.89564216e-06
1.51400e+03 3.07436116e-06
1.51500e+03 4.86463344e-06
1.51600e+03 7.51003686e-06
1.51700e+03 1.13117742e-05
1.51800e+03 1.66232562e-05
1.51900e+03 2.38340682e-05
1.52000e+03 3.33408733e-05
1.52100e+03 4.55043039e-05
1.52200e+03 6.05933118e-05
1.52300e+03 7.87215463e-05
1.52400e+03 9.97836197e-05
1.52500e+03 1.23401831e-04
1.52600e+03 1.48895188e-04
1.52700e+03 1.75281643e-04
1.52800e+03 2.01320925e-04
1.52900e+03 2.25599489e-04
1.53000e+03 2.46651645e-04
1.53100e+03 2.63103504e-04
1.53200e+03 2.73820501e-04
1.53300e+03 2.78036620e-04
1.53400e+03 2.75444909e-04
1.53500e+03 2.66234426e-04
1.53600e+03 2.51067434e-04
1.53700e+03 2.31000685e-04
1.53800e+03 2.07363762e-04
1.53900e+03 1.81613936e-04
1.54000e+03 1.55189448e-04
1.54100e+03 1.29381421e-04
1.54200e+03 1.05239399e-04
1.54300e+03 8.35182738e-05
1.54400e+03 6.46668002e-05
1.54500e+03 4.88515048e-05
1.54600e+03 3.60056978e-05
1.54700e+03 2.58917395e-05
1.54800e+03 1.81655243e-05
1.54900e+03 1.24345867e-05
1.55000e+03 8.30446170e-06
1.55100e+03 5.41113449e-06
1.55200e+03 3.44002724e-06
1.55300e+03 2.13369405e-06
1.55400e+03 1.29121666e-06
1.55500e+03 7.62364751e-07
1.55600e+03 4.39160435e-07
1.55700e+03 2.46819982e-07
1.55800e+03 1.35342482e-07
1.55900e+03 7.24076859e-08
1.56000e+03 3.77947878e-08
1.56100e+03 1.92475681e-08
1.56200e+03 9.56349272e-09
1.56300e+03 4.63611189e-09
1.56400e+03 2.19274433e-09
1.56500e+03 1.01185620e-09
1.56600e+03 4.55560758e-10
1.56700e+03 2.00110801e-10
1.56800e+03 8.57613218e-11
1.56900e+03 3.58599055e-11
1.57000e+03 1.46293071e-11
1.57100e+03 5.82286946e-12
1.57200e+03 2.26133052e-12
1.57300e+03 8.57104812e-13
1.57400e+03 3.17875265e-13
1.57500e+03 1.17870969e-13
1.57600e+03 5.12513065e-14
1.57700e+03 4.64915318e-14
1.57800e+03 9.89155659e-14
1.57900e+03 2.66852819e-13
1.58000e+03 7.28977957e-13
1.58100e+03 1.95154338e-12
1.58200e+03 5.09991497e-12
1.58300e+03 1.30038041e-11
1.58400e+03 3.23502498e-11
1.58500e+03 7.85202948e-11
1.58600e+03 1.85944337e-10
1.58700e+03 4.29616256e-10
1.58800e+03 9.68445463e-10
1.58900e+03 2.12993496e-09
1.59000e+03 4.57040017e-09
1.59100e+03 9.56838902e-09
1.59200e+03 1.95443005e-08
1.59300e+03 3.89491649e-08
1.59400e+03 7.57308585e-08
1.59500e+03 1.43662798e-07
1.59600e+03 2.65896410e-07
1.59700e+03 4.80150448e-07
1.59800e+03 8.45938738e-07
1.59900e+03 1.45410979e-06
1.60000e+03 2.43866529e-06
1.60100e+03 3.99028491e-06
1.60200e+03 6.37018912e-06
1.60300e+03 9.92195968e-06
1.60400e+03 1.50778459e-05
1.60500e+03 2.23551637e-05
1.60600e+03 3.23379972e-05
1.60700e+03 4.56399433e-05
1.60800e+03 6.28454418e-05
1.60900e+03 8.44304654e-05
1.61000e+03 1.10667804e-04
1.61100e+03 1.41527265e-04
1.61200e+03 1.76585747e-04
1.61300e+03 2.14965068e-04
1.61400e+03 2.55315304e-04
1.61500e+03 2.95857453e-04
1.61600e+03 3.34491350e-04
1.61700e+03 3.68963989e-04
1.61800e+03 3.97081617e-04
1.61900e+03 4.16938782e-04
1.62000e+03 4.27131417e-04
1.62100e+03 4.26920933e-04
1.62200e+03 4.16322704e-04
1.62300e+03 3.96104205e-04
1.62400e+03 3.67693134e-04
1.62500e+03 3.33010786e-04
1.62600e+03 2.94257669e-04
1.62700e+03 2.53684535e-04
1.62800e+03 2.13381569e-04
1.62900e+03 1.75112251e-04
1.63000e+03 1.40208023e-04
1.63100e+03 1.09528190e-04
1.63200e+03 8.34786986e-05
1.63300e+03 6.20757735e-05
1.63400e+03 4.50365714e-05
1.63500e+03 3.18790384e-05
1.63600e+03 2.20161723e-05
1.63700e+03 1.48345757e-05
1.63800e+03 9.75225740e-06
1.63900e+03 6.25506594e-06
1.64000e+03 3.91431111e-06
1.64100e+03 2.38987673e-06
1.64200e+03 1.42361440e-06
1.64300e+03 8.27381781e-07
1.64400e+03 4.69154889e-07
1.64500e+03 2.59551326e-07
1.64600e+03 1.40096397e-07
1.64700e+03 7.37780877e-08
1.64800e+03 3.79074467e-08
1.64900e+03 1.90028343e-08
1.65000e+03 9.29413429e-09
1.65100e+03 4.43502646e-09
1.65200e+03 2.06481049e-09
1.65300e+03 9.37909411e-10
1.65400e+03 4.15660063e-10
1.65500e+03 1.79726624e-10
1.65600e+03 7.58199066e-11
1.65700e+03 3.12069112e-11
1.65800e+03 1.25318456e-11
1.65900e+03 4.90993789e-12
1.66000e+03 1.87686775e-12
1.66100e+03 6.99983909e-13
1.66200e+03 2.54705987e-13
1.66300e+03 9.04246758e-14
1.66400e+03 3.13207014e-14
1.66500e+03 1.05845576e-14
1.66600e+03 3.48988125e-15
1.66700e+03 1.12265238e-15
1.66800e+03 3.52351939e-16
1.66900e+03 1.07895850e-16
1.67000e+03 3.22351375e-17
1.67100e+03 9.39617344e-18
1.67200e+03 2.67220168e-18
1.67300e+03 7.41453899e-19
1.67400e+03 2.00722374e-19
1.67500e+03 5.30156545e-20
1.67600e+03 1.36618396e-20
1.67700e+03 3.43487507e-21
1.67800e+03 8.42576656e-22
1.67900e+03 2.01652964e-22
1.68000e+03 4.70865107e-23
1.68100e+03 1.07271689e-23
1.68200e+03 2.38435239e-24
1.68300e+03 5.17073729e-25
1.68400e+03 1.09403500e-25
1.68500e+03 2.25843020e-26
1.68600e+03 4.54861144e-27
1.68700e+03 8.93815160e-28
1.68800e+03 1.71361520e-28
1.68900e+03 3.20535109e-29
1.69000e+03 5.84971378e-30
1.69100e+03 1.04157450e-30
1.69200e+03 1.80943412e-31
1.69300e+03 3.06684565e-32
1.69400e+03 5.07151572e-33
1.69500e+03 8.18239317e-34
1.69600e+03 1.28801115e-34
1.69700e+03 1.97813357e-35
1.69800e+03 2.96406904e-36
1.69900e+03 4.33328974e-37
1.70000e+03 6.18078807e-38
1.70100e+03 8.60135134e-39
1.70200e+03 1.16784777e-39
1.70300e+03 1.54704338e-40
1.70400e+03 1.99947262e-41
1.70500e+03 2.52130359e-42
1.70600e+03 3.10192672e-43
1.70700e+03 3.72335664e-44
1.70800e+03 4.36048153e-45
1.70900e+03 4.98231265e-46
1.71000e+03 5.55423453e-47
1.71100e+03 6.04107409e-48
1.71200e+03 6.41063162e-49
1.71300e+03 6.63718911e-50
1.71400e+03 6.70446725e-51
1.71500e+03 6.60755926e-52
1.71600e+03 6.35352249e-53
1.71700e+03 5.96052875e-54
1.71800e+03 5.45571549e-55
1.71900e+03 4.87209056e-56
1.72000e+03 4.24498052e-57
1.72100e+03 3.60855029e-58
1.72200e+03 2.99286091e-59
1.72300e+03 2.42179299e-60
1.72400e+03 1.91198382e-61
1.72500e+03 1.47274690e-62
1.72600e+03 1.10679894e-63
1.72700e+03 8.11532774e-65
1.72800e+03 5.80550633e-66
1.72900e+03 4.05201322e-67
1.73000e+03 2.75929616e-68
1.73100e+03 1.83325336e-69
1.73200e+03 1.18834727e-70
1.73300e+03 7.51555349e-72
1.73400e+03 4.63740768e-73
1.73500e+03 2.79181281e-74
1.73600e+03 1.63981187e-75
1.73700e+03 9.39719992e-77
1.73800e+03 5.25411554e-78
1.73900e+03 2.86614054e-79
1.74000e+03 1.52542921e-80
1.74100e+03 7.92106073e-82
1.74200e+03 4.01302015e-83
1.74300e+03 1.98360890e-84
1.74400e+03 9.56615622e-86
1.74500e+03 4.50106827e-87
1.74600e+03 2.06628604e-88
1.74700e+03 9.25469256e-90
1.74800e+03 4.04417799e-91
1.74900e+03 1.72423016e-92
1.75000e+03 7.17227486e-94
1.75100e+03 2.91081982e-95
1.75200e+03 1.15257829e-96
1.75300e+03 4.45268789e-98
1.75400e+03 1.67830461e-99
1.75500e+03 6.17185950e-101
1.75600e+03 2.21440975e-102
1.75700e+03 7.75169457e-104
1.75800e+03 2.64747599e-105
1.75900e+03 8.82194038e-107
1.76000e+03 2.86809095e-108
1.76100e+03 9.09742387e-110
1.76200e+03 2.81540354e-111
1.76300e+03 8.50079585e-113
1.76400e+03 2.50423587e-114
1.76500e+03 7.19759802e-116
1.76600e+03 2.01835082e-117
1.76700e+03 5.52207670e-119
1.76800e+03 1.47402526e-120
1.76900e+03 3.83887637e-122
1.77000e+03 9.75438829e-124
1.77100e+03 2.41820249e-125
1.77200e+03 5.84900508e-127
1.77300e+03 1.38028270e-128
1.77400e+03 3.17797739e-130
1.77500e+03 7.13888313e-132
1.77600e+03 1.56461126e-133
1.77700e+03 3.34564105e-135
1.77800e+03 6.97989592e-137
1.77900e+03 1.42074214e-138
1.78000e+03 2.82148851e-140
1.78100e+03 5.46686089e-142
1.78200e+03 1.03346190e-143
1.78300e+03 1.90610855e-145
1.78400e+03 3.43002670e-147
1.78500e+03 6.02204619e-149
1.78600e+03 1.03154309e-150
1.78700e+03 1.72396077e-152
1.78800e+03 2.81102103e-154
1.78900e+03 4.47195600e-156
1.79000e+03 6.94108975e-158
1.79100e+03 1.05112535e-159
1.79200e+03 1.55302365e-161
1.79300e+03 2.23871259e-163
1.79400e+03 3.14858430e-165
1.79500e+03 4.32045036e-167
1.79600e+03 5.78414837e-169
1.79700e+03 7.55521003e-171
1.79800e+03 9.62831677e-173
1.79900e+03 1.19715645e-174
1.80000e+03 1.45227266e-176
1.80100e+03 1.71886640e-178
1.80200e+03 1.98487333e-180
1.80300e+03 2.23624911e-182
1.80400e+03 2.45812677e-184
1.80500e+03 2.63624083e-186
1.80600e+03 2.75843402e-188
1.80700e+03 2.81602710e-190
1.80800e+03 2.80483793e-192
1.80900e+03 2.72568349e-194
1.81000e+03 2.58428131e-196
1.81100e+03 2.39056668e-198
1.81200e+03 2.15753896e-200
1.81300e+03 1.89982302e-202
1.81400e+03 1.63216610e-204
1.81500e+03 1.36808245e-206
1.81600e+03 1.11881145e-208
1.81700e+03 8.92685018e-211
1.81800e+03 6.94922382e-213
1.81900e+03 5.27802040e-215
1.82000e+03 3.91113260e-217
1.82100e+03 2.82768304e-219
1.82200e+03 1.99459913e-221
1.82300e+03 1.37270506e-223
1.82400e+03 9.21712669e-226
1.82500e+03 6.03824304e-228
1.82600e+03 3.85942257e-230
1.82700e+03 2.40674893e-232
1.82800e+03 1.46431986e-234
1.82900e+03 8.69236253e-237
1.83000e+03 5.03426902e-239
1.83100e+03 2.84466887e-241
1.83200e+03 1.56828046e-243
1.83300e+03 8.43553154e-246
1.83400e+03 4.42688140e-248
1.83500e+03 2.26662687e-250
1.83600e+03 1.13229317e-252
1.83700e+03 5.51867039e-255
1.83800e+03 2.62425924e-257
1.83900e+03 1.21751894e-259
1.84000e+03 5.51113978e-262
1.84100e+03 2.43390621e-264
1.84200e+03 1.04872824e-266
1.84300e+03 4.40878375e-269
1.84400e+03 1.80830359e-271
1.84500e+03 7.23636729e-274
1.84600e+03 2.82531302e-276
1.84700e+03 1.07624030e-278
1.84800e+03 3.99989547e-281
1.84900e+03 1.45038983e-283
1.85000e+03 5.13118365e-286
1.85100e+03 1.77111632e-288
1.85200e+03 5.96449008e-291
1.85300e+03 1.95973012e-293
1.85400e+03 6.28226031e-296
1.85500e+03 1.96486310e-298
1.85600e+03 5.99577572e-301
1.85700e+03 1.78506967e-303
1.85800e+03 5.18515420e-306
1.85900e+03 1.46948410e-308
1.86000e+03 4.06316836e-311
1.86100e+03 1.09612847e-313
1.86200e+03 2.88505963e-316
1.86300e+03 7.40871199e-319
1.86400e+03 1.85768683e-321
1.86500e+03 0.00000000e+00
1.86600e+03 0.00000000e+00
1.86700e+03 0.00000000e+00
1.86800e+03 0.00000000e+00
1.86900e+03 0.00000000e+00
1.87000e+03 0.00000000e+00
1.87100e+03 0.00000000e+00
1.87200e+03 0.00000000e+00
1.87300e+03 0.00000000e+00
1.87400e+03 0.00000000e+00
1.87500e+03 0.00000000e+00
1.87600e+03 0.00000000e+00
1.87700e+03 0.00000000e+00
1.87800e+03 0.00000000e+00
1.87900e+03 0.00000000e+00
1.88000e+03 0.00000000e+00
1.88100e+03 0.00000000e+00
1.88200e+03 0.00000000e+00
1.88300e+03 0.00000000e+00
1.88400e+03 0.00000000e+00
1.88500e+03 0.00000000e+00
1.88600e+03 0.00000000e+00
1.88700e+03 0.00000000e+00
1.88800e+03 0.00000000e+00
1.88900e+03 0.00000000e+00
1.89000e+03 0.00000000e+00
1.89100e+03 0.00000000e+00
1.89200e+03 0.00000000e+00
1.89300e+03 0.00000000e+00
1.89400e+03 0.00000000e+00
1.89500e+03 0.00000000e+00
1.89600e+03 0.00000000e+00
1.89700e+03 0.00000000e+00
1.89800e+03 0.00000000e+00
1.89900e+03 0.00000000e+00
1.90000e+03 0.00000000e+00
1.90100e+03 0.00000000e+00
1.90200e+03 0.00000000e+00
1.90300e+03 0.00000000e+00
1.90400e+03 0.00000000e+00
1.90500e+03 0.00000000e+00
1.90600e+03 0.00000000e+00
1.90700e+03 0.00000000e+00
1.90800e+03 0.00000000e+00
1.90900e+03 0.00000000e+00
1.91000e+03 0.00000000e+00
1.91100e+03 0.00000000e+00
1.91200e+03 0.00000000e+00
1.91300e+03 0.00000000e+00
1.91400e+03 0.00000000e+00
1.91500e+03 0.00000000e+00
1.91600e+03 0.00000000e+00
1.91700e+03 0.00000000e+00
1.91800e+03 0.00000000e+00
1.91900e+03 0.00000000e+00
1.92000e+03 0.00000000e+00
1.92100e+03 0.00000000e+00
1.92200e+03 0.00000000e+00
1.92300e+03 0.00000000e+00
1.92400e+03 0.00000000e+00
1.92500e+03 0.00000000e+00
1.92600e+03 0.00000000e+00
1.92700e+03 0.00000000e+00
1.92800e+03 0.00000000e+00
1.92900e+03 0.00000000e+00
1.93000e+03 0.00000000e+00
1.93100e+03 0.00000000e+00
1.93200e+03 0.00000000e+00
1.93300e+03 0.00000000e+00
1.93400e+03 0.00000000e+00
1.93500e+03 0.00000000e+00
1.93600e+03 0.00000000e+00
1.93700e+03 0.00000000e+00
1.93800e+03 0.00000000e+00
1.93900e+03 0.00000000e+00
1.94000e+03 0.00000000e+00
1.94100e+03 0.00000000e+00
1.94200e+03 0.00000000e+00
1.94300e+03 0.00000000e+00
1.94400e+03 0.00000000e+00
1.94500e+03 0.00000000e+00
1.94600e+03 0.00000000e+00
1.94700e+03 0.00000000e+00
1.94800e+03 0.00000000e+00
1.94900e+03 0.00000000e+00
1.95000e+03 0.00000000e+00
1.95100e+03 0.00000000e+00
1.95200e+03 0.00000000e+00
1.95300e+03 0.00000000e+00
1.95400e+03 0.00000000e+00
1.95500e+03 0.00000000e+00
1.95600e+03 0.00000000e+00
1.95700e+03 0.00000000e+00
1.95800e+03 0.00000000e+00
1.95900e+03 0.00000000e+00
1.96000e+03 0.00000000e+00
1.96100e+03 0.00000000e+00
1.96200e+03 0.00000000e+00
1.96300e+03 0.00000000e+00
1.96400e+03 0.00000000e+00
1.96500e+03 0.00000000e+00
1.96600e+03 0.00000000e+00
1.96700e+03 0.00000000e+00
1.96800e+03 0.00000000e+00
1.96900e+03 0.00000000e+00
1.97000e+03 0.00000000e+00
1.97100e+03 0.00000000e+00
1.97200e+03 0.00000000e+00
1.97300e+03 0.00000000e+00
1.97400e+03 0.00000000e+00
1.97500e+03 0.00000000e+00
1.97600e+03 0.00000000e+00
1.97700e+03 0.00000000e+00
1.97800e+03 0.00000000e+00
1.97900e+03 0.00000000e+00
1.98000e+03 0.00000000e+00
1.98100e+03 0.00000000e+00
1.98200e+03 0.00000000e+00
1.98300e+03 0.00000000e+00
1.98400e+03 0.00000000e+00
1.98500e+03 0.00000000e+00
1.98600e+03 0.00000000e+00
1.98700e+03 0.00000000e+00
1.98800e+03 0.00000000e+00
1.98900e+03 0.00000000e+00
1.99000e+03 0.00000000e+00
1.99100e+03 0.00000000e+00
1.99200e+03 0.00000000e+00
1.99300e+03 0.00000000e+00
1.99400e+03 0.00000000e+00
1.99500e+03 0.00000000e+00
1.99600e+03 0.00000000e+00
1.99700e+03 0.00000000e+00
1.99800e+03 0.00000000e+00
1.99900e+03 0.00000000e+00
2.00000e+03 0.00000000e+00
2.00100e+03 0.00000000e+00
2.00200e+03 0.00000000e+00
2.00300e+03 0.00000000e+00
2.00400e+03 0.00000000e+00
2.00500e+03 0.00000000e+00
2.00600e+03 0.00000000e+00
2.00700e+03 0.00000000e+00
2.00800e+03 0.00000000e+00
2.00900e+03 0.00000000e+00
2.01000e+03 0.00000000e+00
2.01100e+03 0.00000000e+00
2.01200e+03 0.00000000e+00
2.01300e+03 0.00000000e+00
2.01400e+03 0.00000000e+00
2.01500e+03 0.00000000e+00
2.01600e+03 0.00000000e+00
2.01700e+03 0.00000000e+00
2.01800e+03 0.00000000e+00
2.01900e+03 0.00000000e+00
2.02000e+03 0.00000000e+00
2.02100e+03 0.00000000e+00
2.02200e+03 0.00000000e+00
2.02300e+03 0.00000000e+00
2.02400e+03 0.00000000e+00
2.02500e+03 0.00000000e+00
2.02600e+03 0.00000000e+00
2.02700e+03 0.00000000e+00
2.02800e+03 0.00000000e+00
2.02900e+03 0.00000000e+00
2.03000e+03 0.00000000e+00
2.03100e+03 0.00000000e+00
2.03200e+03 0.00000000e+00
2.03300e+03 0.00000000e+00
2.03400e+03 0.00000000e+00
2.03500e+03 0.00000000e+00
2.03600e+03 0.00000000e+00
2.03700e+03 0.00000000e+00
2.03800e+03 0.00000000e+00
2.03900e+03 0.00000000e+00
2.04000e+03 0.00000000e+00
2.04100e+03 0.00000000e+00
2.04200e+03 0.00000000e+00
2.04300e+03 0.00000000e+00
2.04400e+03 0.00000000e+00
2.04500e+03 0.00000000e+00
2.04600e+03 0.00000000e+00
2.04700e+03 0.00000000e+00
2.04800e+03 0.00000000e+00
2.04900e+03 0.00000000e+00
2.05000e+03 0.00000000e+00
2.05100e+03 0.00000000e+00
2.05200e+03 0.00000000e+00
2.05300e+03 0.00000000e+00
2.05400e+03 0.00000000e+00
2.05500e+03 0.00000000e+00
2.05600e+03 0.00000000e+00
2.05700e+03 0.00000000e+00
2.05800e+03 0.00000000e+00
2.05900e+03 0.00000000e+00
2.06000e+03 0.00000000e+00
2.06100e+03 0.00000000e+00
2.06200e+03 0.00000000e+00
2.06300e+03 0.00000000e+00
2.06400e+03 0.00000000e+00
2.06500e+03 0.00000000e+00
2.06600e+03 0.00000000e+00
2.06700e+03 0.00000000e+00
2.06800e+03 0.00000000e+00
2.06900e+03 0.00000000e+00
2.07000e+03 0.00000000e+00
2.07100e+03 0.00000000e+00
2.07200e+03 0.00000000e+00
2.07300e+03 0.00000000e+00
2.07400e+03 0.00000000e+00
2.07500e+03 0.00000000e+00
2.07600e+03 0.00000000e+00
2.07700e+03 0.00000000e+00
2.07800e+03 0.00000000e+00
2.07900e+03 0.00000000e+00
2.08000e+03 0.00000000e+00
2.08100e+03 0.00000000e+00
2.08200e+03 0.00000000e+00
2.08300e+03 0.00000000e+00
2.08400e+03 0.00000000e+00
2.08500e+03 0.00000000e+00
2.08600e+03 0.00000000e+00
2.08700e+03 0.00000000e+00
2.08800e+03 0.00000000e+00
2.08900e+03 0.00000000e+00
2.09000e+03 0.00000000e+00
2.09100e+03 0.00000000e+00
2.09200e+03 0.00000000e+00
2.09300e+03 0.00000000e+00
2.09400e+03 0.00000000e+00
2.09500e+03 0.00000000e+00
2.09600e+03 0.00000000e+00
2.09700e+03 0.00000000e+00
2.09800e+03 0.00000000e+00
2.09900e+03 0.00000000e+00
2.10000e+03 0.00000000e+00
2.10100e+03 0.00000000e+00
2.10200e+03 0.00000000e+00
2.10300e+03 0.00000000e+00
2.10400e+03 0.00000000e+00
2.10500e+03 0.00000000e+00
2.10600e+03 0.00000000e+00
2.10700e+03 0.00000000e+00
2.10800e+03 0.00000000e+00
2.10900e+03 0.00000000e+00
2.11000e+03 0.00000000e+00
2.11100e+03 0.00000000e+00
2.11200e+03 0.00000000e+00
2.11300e+03 0.00000000e+00
2.11400e+03 0.00000000e+00
2.11500e+03 0.00000000e+00
2.11600e+03 0.00000000e+00
2.11700e+03 0.00000000e+00
2.11800e+03 0.00000000e+00
2.11900e+03 0.00000000e+00
2.12000e+03 0.00000000e+00
2.12100e+03 0.00000000e+00
2.12200e+03 0.00000000e+00
2.12300e+03 0.00000000e+00
2.12400e+03 0.00000000e+00
2.12500e+03 0.00000000e+00
2.12600e+03 0.00000000e+00
2.12700e+03 0.00000000e+00
2.12800e+03 0.00000000e+00
2.12900e+03 0.00000000e+00
2.13000e+03 0.00000000e+00
2.13100e+03 0.00000000e+00
2.13200e+03 0.00000000e+00
2.13300e+03 0.00000000e+00
2.13400e+03 0.00000000e+00
2.13500e+03 0.00000000e+00
2.13600e+03 0.00000000e+00
2.13700e+03 0.00000000e+00
2.13800e+03 0.00000000e+00
2.13900e+03 0.00000000e+00
2.14000e+03 0.00000000e+00
2.14100e+03 0.00000000e+00
2.14200e+03 0.00000000e+00
2.14300e+03 0.00000000e+00
2.14400e+03 0.00000000e+00
2.14500e+03 0.00000000e+00
2.14600e+03 0.00000000e+00
2.14700e+03 0.00000000e+00
2.14800e+03 0.00000000e+00
2.14900e+03 0.00000000e+00
2.15000e+03 0.00000000e+00
2.15100e+03 0.00000000e+00
2.15200e+03 0.00000000e+00
2.15300e+03 0.00000000e+00
2.15400e+03 0.00000000e+00
2.15500e+03 0.00000000e+00
2.15600e+03 0.00000000e+00
2.15700e+03 0.00000000e+00
2.15800e+03 0.00000000e+00
2.15900e+03 0.00000000e+00
2.16000e+03 0.00000000e+00
2.16100e+03 0.00000000e+00
2.16200e+03 0.00000000e+00
2.16300e+03 0.00000000e+00
2.16400e+03 0.00000000e+00
2.16500e+03 0.00000000e+00
2.16600e+03 0.00000000e+00
2.16700e+03 0.00000000e+00
2.16800e+03 0.00000000e+00
2.16900e+03 0.00000000e+00
2.17000e+03 0.00000000e+00
2.17100e+03 0.00000000e+00
2.17200e+03 0.00000000e+00
2.17300e+03 0.00000000e+00
2.17400e+03 0.00000000e+00
2.17500e+03 0.00000000e+00
2.17600e+03 0.00000000e+00
2.17700e+03 0.00000000e+00
2.17800e+03 0.00000000e+00
2.17900e+03 0.00000000e+00
2.18000e+03 0.00000000e+00
2.18100e+03 0.00000000e+00
2.18200e+03 0.00000000e+00
2.18300e+03 0.00000000e+00
2.18400e+03 0.00000000e+00
2.18500e+03 0.00000000e+00
2.18600e+03 0.00000000e+00
2.18700e+03 0.00000000e+00
2.18800e+03 0.00000000e+00
2.18900e+03 0.00000000e+00
2.19000e+03 0.00000000e+00
2.19100e+03 0.00000000e+00
2.19200e+03 0.00000000e+00
2.19300e+03 0.00000000e+00
2.19400e+03 0.00000000e+00
2.19500e+03 0.00000000e+00
2.19600e+03 0.00000000e+00
2.19700e+03 0.00000000e+00
2.19800e+03 0.00000000e+00
2.19900e+03 0.00000000e+00
2.20000e+03 0.00000000e+00
2.20100e+03 0.00000000e+00
2.20200e+03 0.00000000e+00
2.20300e+03 0.00000000e+00
2.20400e+03 0.00000000e+00
2.20500e+03 0.00000000e+00
2.20600e+03 0.00000000e+00
2.20700e+03 0.00000000e+00
2.20800e+03 0.00000000e+00
2.20900e+03 0.00000000e+00
2.21000e+03 0.00000000e+00
2.21100e+03 0.00000000e+00
2.21200e+03 0.00000000e+00
2.21300e+03 0.00000000e+00
2.21400e+03 0.00000000e+00
2.21500e+03 0.00000000e+00
2.21600e+03 0.00000000e+00
2.21700e+03 0.00000000e+00
2.21800e+03 0.00000000e+00
2.21900e+03 0.00000000e+00
2.22000e+03 0.00000000e+00
2.22100e+03 0.00000000e+00
2.22200e+03 0.00000000e+00
2.22300e+03 0.00000000e+00
2.22400e+03 0.00000000e+00
2.22500e+03 0.00000000e+00
2.22600e+03 0.00000000e+00
2.22700e+03 0.00000000e+00
2.22800e+03 0.00000000e+00
2.22900e+03 0.00000000e+00
2.23000e+03 0.00000000e+00
2.23100e+03 0.00000000e+00
2.23200e+03 0.00000000e+00
2.23300e+03 0.00000000e+00
2.23400e+03 0.00000000e+00
2.23500e+03 0.00000000e+00
2.23600e+03 0.00000000e+00
2.23700e+03 0.00000000e+00
2.23800e+03 0.00000000e+00
2.23900e+03 0.00000000e+00
2.24000e+03 0.00000000e+00
2.24100e+03 0.00000000e+00
2.24200e+03 0.00000000e+00
2.24300e+03 0.00000000e+00
2.24400e+03 0.00000000e+00
2.24500e+03 0.00000000e+00
2.24600e+03 0.00000000e+00
2.24700e+03 0.00000000e+00
2.24800e+03 0.00000000e+00
2.24900e+03 0.00000000e+00
2.25000e+03 0.00000000e+00
2.25100e+03 0.00000000e+00
2.25200e+03 0.00000000e+00
2.25300e+03 0.00000000e+00
2.25400e+03 0.00000000e+00
2.25500e+03 0.00000000e+00
2.25600e+03 0.00000000e+00
2.25700e+03 0.00000000e+00
2.25800e+03 0.00000000e+00
2.25900e+03 0.00000000e+00
2.26000e+03 0.00000000e+00
2.26100e+03 0.00000000e+00
2.26200e+03 0.00000000e+00
2.26300e+03 0.00000000e+00
2.26400e+03 0.00000000e+00
2.26500e+03 0.00000000e+00
2.26600e+03 0.00000000e+00
2.26700e+03 0.00000000e+00
2.26800e+03 0.00000000e+00
2.26900e+03 0.00000000e+00
2.27000e+03 0.00000000e+00
2.27100e+03 0.00000000e+00
2.27200e+03 0.00000000e+00
2.27300e+03 0.00000000e+00
2.27400e+03 0.00000000e+00
2.27500e+03 0.00000000e+00
2.27600e+03 0.00000000e+00
2.27700e+03 0.00000000e+00
2.27800e+03 0.00000000e+00
2.27900e+03 0.00000000e+00
2.28000e+03 0.00000000e+00
2.28100e+03 0.00000000e+00
2.28200e+03 0.00000000e+00
2.28300e+03 0.00000000e+00
2.28400e+03 0.00000000e+00
2.28500e+03 0.00000000e+00
2.28600e+03 0.00000000e+00
2.28700e+03 0.00000000e+00
2.28800e+03 0.00000000e+00
2.28900e+03 0.00000000e+00
2.29000e+03 0.00000000e+00
2.29100e+03 0.00000000e+00
2.29200e+03 0.00000000e+00
2.29300e+03 0.00000000e+00
2.29400e+03 0.00000000e+00
2.29500e+03 0.00000000e+00
2.29600e+03 0.00000000e+00
2.29700e+03 0.00000000e+00
2.29800e+03 0.00000000e+00
2.29900e+03 0.00000000e+00
2.30000e+03 0.00000000e+00
2.30100e+03 0.00000000e+00
2.30200e+03 0.00000000e+00
2.30300e+03 0.00000000e+00
2.30400e+03 0.00000000e+00
2.30500e+03 0.00000000e+00
2.30600e+03 0.00000000e+00
2.30700e+03 0.00000000e+00
2.30800e+03 0.00000000e+00
2.30900e+03 0.00000000e+00
2.31000e+03 0.00000000e+00
2.31100e+03 0.00000000e+00
2.31200e+03 0.00000000e+00
2.31300e+03 0.00000000e+00
2.31400e+03 0.00000000e+00
2.31500e+03 0.00000000e+00
2.31600e+03 0.00000000e+00
2.31700e+03 0.00000000e+00
2.31800e+03 0.00000000e+00
2.31900e+03 0.00000000e+00
2.32000e+03 0.00000000e+00
2.32100e+03 0.00000000e+00
2.32200e+03 0.00000000e+00
2.32300e+03 0.00000000e+00
2.32400e+03 0.00000000e+00
2.32500e+03 0.00000000e+00
2.32600e+03 0.00000000e+00
2.32700e+03 0.00000000e+00
2.32800e+03 0.00000000e+00
2.32900e+03 0.00000000e+00
2.33000e+03 0.00000000e+00
2.33100e+03 0.00000000e+00
2.33200e+03 0.00000000e+00
2.33300e+03 0.00000000e+00
2.33400e+03 0.00000000e+00
2.33500e+03 0.00000000e+00
2.33600e+03 0.00000000e+00
2.33700e+03 0.00000000e+00
2.33800e+03 0.00000000e+00
2.33900e+03 0.00000000e+00
2.34000e+03 0.00000000e+00
2.34100e+03 0.00000000e+00
2.34200e+03 0.00000000e+00
2.34300e+03 0.00000000e+00
2.34400e+03 0.00000000e+00
2.34500e+03 0.00000000e+00
2.34600e+03 0.00000000e+00
2.34700e+03 0.00000000e+00
2.34800e+03 0.00000000e+00
2.34900e+03 0.00000000e+00
2.35000e+03 0.00000000e+00
2.35100e+03 0.00000000e+00
2.35200e+03 0.00000000e+00
2.35300e+03 0.00000000e+00
2.35400e+03 0.00000000e+00
2.35500e+03 0.00000000e+00
2.35600e+03 0.00000000e+00
2.35700e+03 0.00000000e+00
2.35800e+03 0.00000000e+00
2.35900e+03 0.00000000e+00
2.36000e+03 0.00000000e+00
2.36100e+03 0.00000000e+00
2.36200e+03 0.00000000e+00
2.36300e+03 0.00000000e+00
2.36400e+03 0.00000000e+00
2.36500e+03 0.00000000e+00
2.36600e+03 0.00000000e+00
2.36700e+03 0.00000000e+00
2.36800e+03 0.00000000e+00
2.36900e+03 0.00000000e+00
2.37000e+03 0.00000000e+00
2.37100e+03 0.00000000e+00
2.37200e+03 0.00000000e+00
2.37300e+03 0.00000000e+00
2.37400e+03 0.00000000e+00
2.37500e+03 0.00000000e+00
2.37600e+03 0.00000000e+00
2.37700e+03 0.00000000e+00
2.37800e+03 0.00000000e+00
2.37900e+03 0.00000000e+00
2.38000e+03 0.00000000e+00
2.38100e+03 0.00000000e+00
2.38200e+03 0.00000000e+00
2.38300e+03 0.00000000e+00
2.38400e+03 0.00000000e+00
2.38500e+03 0.00000000e+00
2.38600e+03 0.00000000e+00
2.38700e+03 0.00000000e+00
2.38800e+03 0.00000000e+00
2.38900e+03 0.00000000e+00
2.39000e+03 0.00000000e+00
2.39100e+03 0.00000000e+00
2.39200e+03 0.00000000e+00
2.39300e+03 0.00000000e+00
2.39400e+03 0.00000000e+00
2.39500e+03 0.00000000e+00
2.39600e+03 0.00000000e+00
2.39700e+03 0.00000000e+00
2.39800e+03 0.00000000e+00
2.39900e+03 0.00000000e+00
2.40000e+03 0.00000000e+00
2.40100e+03 0.00000000e+00
2.40200e+03 0.00000000e+00
2.40300e+03 0.00000000e+00
2.40400e+03 0.00000000e+00
2.40500e+03 0.00000000e+00
2.40600e+03 0.00000000e+00
2.40700e+03 0.00000000e+00
2.40800e+03 0.00000000e+00
2.40900e+03 0.00000000e+00
2.41000e+03 0.00000000e+00
2.41100e+03 0.00000000e+00
2.41200e+03 0.00000000e+00
2.41300e+03 0.00000000e+00
2.41400e+03 0.00000000e+00
2.41500e+03 0.00000000e+00
2.41600e+03 0.00000000e+00
2.41700e+03 0.00000000e+00
2.41800e+03 0.00000000e+00
2.41900e+03 0.00000000e+00
2.42000e+03 0.00000000e+00
2.42100e+03 0.00000000e+00
2.42200e+03 0.00000000e+00
2.42300e+03 0.00000000e+00
2.42400e+03 0.00000000e+00
2.42500e+03 0.00000000e+00
2.42600e+03 0.00000000e+00
2.42700e+03 0.00000000e+00
2.42800e+03 0.00000000e+00
2.42900e+03 0.00000000e+00
2.43000e+03 0.00000000e+00
2.43100e+03 0.00000000e+00
2.43200e+03 0.00000000e+00
2.43300e+03 0.00000000e+00
2.43400e+03 0.00000000e+00
2.43500e+03 0.00000000e+00
2.43600e+03 0.00000000e+00
2.43700e+03 0.00000000e+00
2.43800e+03 0.00000000e+00
2.43900e+03 0.00000000e+00
2.44000e+03 0.00000000e+00
2.44100e+03 0.00000000e+00
2.44200e+03 0.00000000e+00
2.44300e+03 0.00000000e+00
2.44400e+03 0.00000000e+00
2.44500e+03 0.00000000e+00
2.44600e+03 0.00000000e+00
2.44700e+03 0.00000000e+00
2.44800e+03 0.00000000e+00
2.44900e+03 0.00000000e+00
2.45000e+03 0.00000000e+00
2.45100e+03 0.00000000e+00
2.45200e+03 0.00000000e+00
2.45300e+03 0.00000000e+00
2.45400e+03 0.00000000e+00
2.45500e+03 0.00000000e+00
2.45600e+03 0.00000000e+00
2.45700e+03 0.00000000e+00
2.45800e+03 0.00000000e+00
2.45900e+03 0.00000000e+00
2.46000e+03 0.00000000e+00
2.46100e+03 0.00000000e+00
2.46200e+03 0.00000000e+00
2.46300e+03 0.00000000e+00
2.46400e+03 0.00000000e+00
2.46500e+03 0.00000000e+00
2.46600e+03 0.00000000e+00
2.46700e+03 0.00000000e+00
2.46800e+03 0.00000000e+00
2.46900e+03 0.00000000e+00
2.47000e+03 0.00000000e+00
2.47100e+03 0.00000000e+00
2.47200e+03 0.00000000e+00
2.47300e+03 0.00000000e+00
2.47400e+03 0.00000000e+00
2.47500e+03 0.00000000e+00
2.47600e+03 0.00000000e+00
2.47700e+03 0.00000000e+00
2.47800e+03 0.00000000e+00
2.47900e+03 0.00000000e+00
2.48000e+03 0.00000000e+00
2.48100e+03 0.00000000e+00
2.48200e+03 0.00000000e+00
2.48300e+03 0.00000000e+00
2.48400e+03 0.00000000e+00
2.48500e+03 0.00000000e+00
2.48600e+03 0.00000000e+00
2.48700e+03 0.00000000e+00
2.48800e+03 0.00000000e+00
2.48900e+03 0.00000000e+00
2.49000e+03 0.00000000e+00
2.49100e+03 0.00000000e+00
2.49200e+03 0.00000000e+00
2.49300e+03 0.00000000e+00
2.49400e+03 0.00000000e+00
2.49500e+03 0.00000000e+00
2.49600e+03 0.00000000e+00
2.49700e+03 0.00000000e+00
2.49800e+03 0.00000000e+00
2.49900e+03 0.00000000e+00
2.50000e+03 0.00000000e+00
2.50100e+03 0.00000000e+00
2.50200e+03 0.00000000e+00
2.50300e+03 0.00000000e+00
2.50400e+03 0.00000000e+00
2.50500e+03 0.00000000e+00
2.50600e+03 0.00000000e+00
2.50700e+03 0.00000000e+00
2.50800e+03 0.00000000e+00
2.50900e+03 0.00000000e+00
2.51000e+03 0.00000000e+00
2.51100e+03 0.00000000e+00
2.51200e+03 0.00000000e+00
2.51300e+03 0.00000000e+00
2.51400e+03 0.00000000e+00
2.51500e+03 0.00000000e+00
2.51600e+03 0.00000000e+00
2.51700e+03 0.00000000e+00
2.51800e+03 0.00000000e+00
2.51900e+03 0.00000000e+00
2.52000e+03 0.00000000e+00
2.52100e+03 0.00000000e+00
2.52200e+03 0.00000000e+00
2.52300e+03 0.00000000e+00
2.52400e+03 0.00000000e+00
2.52500e+03 0.00000000e+00
2.52600e+03 0.00000000e+00
2.52700e+03 0.00000000e+00
2.52800e+03 0.00000000e+00
2.52900e+03 0.00000000e+00
2.53000e+03 0.00000000e+00
2.53100e+03 0.00000000e+00
2.53200e+03 0.00000000e+00
2.53300e+03 0.00000000e+00
2.53400e+03 0.00000000e+00
2.53500e+03 0.00000000e+00
2.53600e+03 0.00000000e+00
2.53700e+03 0.00000000e+00
2.53800e+03 0.00000000e+00
2.53900e+03 0.00000000e+00
2.54000e+03 0.00000000e+00
2.54100e+03 0.00000000e+00
2.54200e+03 0.00000000e+00
2.54300e+03 0.00000000e+00
2.54400e+03 0.00000000e+00
2.54500e+03 0.00000000e+00
2.54600e+03 0.00000000e+00
2.54700e+03 0.00000000e+00
2.54800e+03 0.00000000e+00
2.54900e+03 0.00000000e+00
2.55000e+03 0.00000000e+00
2.55100e+03 0.00000000e+00
2.55200e+03 0.00000000e+00
2.55300e+03 0.00000000e+00
2.55400e+03 0.00000000e+00
2.55500e+03 0.00000000e+00
2.55600e+03 0.00000000e+00
2.55700e+03 0.00000000e+00
2.55800e+03 0.00000000e+00
2.55900e+03 0.00000000e+00
2.56000e+03 0.00000000e+00
2.56100e+03 0.00000000e+00
2.56200e+03 0.00000000e+00
2.56300e+03 0.00000000e+00
2.56400e+03 0.00000000e+00
2.56500e+03 0.00000000e+00
2.56600e+03 0.00000000e+00
2.56700e+03 0.00000000e+00
2.56800e+03 0.00000000e+00
2.56900e+03 0.00000000e+00
2.57000e+03 0.00000000e+00
2.57100e+03 0.00000000e+00
2.57200e+03 0.00000000e+00
2.57300e+03 0.00000000e+00
2.57400e+03 0.00000000e+00
2.57500e+03 0.00000000e+00
2.57600e+03 0.00000000e+00
2.57700e+03 0.00000000e+00
2.57800e+03 0.00000000e+00
2.57900e+03 0.00000000e+00
2.58000e+03 0.00000000e+00
2.58100e+03 0.00000000e+00
2.58200e+03 0.00000000e+00
2.58300e+03 0.00000000e+00
2.58400e+03 0.00000000e+00
2.58500e+03 0.00000000e+00
2.58600e+03 0.00000000e+00
2.58700e+03 0.00000000e+00
2.58800e+03 0.00000000e+00
2.58900e+03 0.00000000e+00
2.59000e+03 0.00000000e+00
2.59100e+03 0.00000000e+00
2.59200e+03 0.00000000e+00
2.59300e+03 0.00000000e+00
2.59400e+03 0.00000000e+00
2.59500e+03 0.00000000e+00
2.59600e+03 0.00000000e+00
2.59700e+03 0.00000000e+00
2.59800e+03 0.00000000e+00
2.59900e+03 0.00000000e+00
2.60000e+03 0.00000000e+00
2.60100e+03 0.00000000e+00
2.60200e+03 0.00000000e+00
2.60300e+03 0.00000000e+00
2.60400e+03 0.00000000e+00
2.60500e+03 0.00000000e+00
2.60600e+03 0.00000000e+00
2.60700e+03 0.00000000e+00
2.60800e+03 0.00000000e+00
2.60900e+03 0.00000000e+00
2.61000e+03 0.00000000e+00
2.61100e+03 0.00000000e+00
2.61200e+03 0.00000000e+00
2.61300e+03 0.00000000e+00
2.61400e+03 0.00000000e+00
2.61500e+03 0.00000000e+00
2.61600e+03 0.00000000e+00
2.61700e+03 0.00000000e+00
2.61800e+03 0.00000000e+00
2.61900e+03 0.00000000e+00
2.62000e+03 0.00000000e+00
2.62100e+03 0.00000000e+00
2.62200e+03 0.00000000e+00
2.62300e+03 0.00000000e+00
2.62400e+03 0.00000000e+00
2.62500e+03 0.00000000e+00
2.62600e+03 0.00000000e+00
2.62700e+03 0.00000000e+00
2.62800e+03 0.00000000e+00
2.62900e+03 0.00000000e+00
2.63000e+03 0.00000000e+00
2.63100e+03 0.00000000e+00
2.63200e+03 0.00000000e+00
2.63300e+03 0.00000000e+00
2.63400e+03 0.00000000e+00
2.63500e+03 0.00000000e+00
2.63600e+03 0.00000000e+00
2.63700e+03 0.00000000e+00
2.63800e+03 0.00000000e+00
2.63900e+03 0.00000000e+00
2.64000e+03 0.00000000e+00
2.64100e+03 0.00000000e+00
2.64200e+03 0.00000000e+00
2.64300e+03 0.00000000e+00
2.64400e+03 0.00000000e+00
2.64500e+03 0.00000000e+00
2.64600e+03 0.00000000e+00
2.64700e+03 0.00000000e+00
2.64800e+03 0.00000000e+00
2.64900e+03 0.00000000e+00
2.65000e+03 0.00000000e+00
2.65100e+03 0.00000000e+00
2.65200e+03 0.00000000e+00
2.65300e+03 0.00000000e+00
2.65400e+03 0.00000000e+00
2.65500e+03 0.00000000e+00
2.65600e+03 0.00000000e+00
2.65700e+03 0.00000000e+00
2.65800e+03 0.00000000e+00
2.65900e+03 0.00000000e+00
2.66000e+03 0.00000000e+00
2.66100e+03 0.00000000e+00
2.66200e+03 0.00000000e+00
2.66300e+03 0.00000000e+00
2.66400e+03 0.00000000e+00
2.66500e+03 0.00000000e+00
2.66600e+03 0.00000000e+00
2.66700e+03 0.00000000e+00
2.66800e+03 0.00000000e+00
2.66900e+03 0.00000000e+00
2.67000e+03 0.00000000e+00
2.67100e+03 0.00000000e+00
2.67200e+03 0.00000000e+00
2.67300e+03 0.00000000e+00
2.67400e+03 0.00000000e+00
2.67500e+03 0.00000000e+00
2.67600e+03 0.00000000e+00
2.67700e+03 0.00000000e+00
2.67800e+03 0.00000000e+00
2.67900e+03 0.00000000e+00
2.68000e+03 0.00000000e+00
2.68100e+03 0.00000000e+00
2.68200e+03 0.00000000e+00
2.68300e+03 0.00000000e+00
2.68400e+03 0.00000000e+00
2.68500e+03 0.00000000e+00
2.68600e+03 0.00000000e+00
2.68700e+03 0.00000000e+00
2.68800e+03 0.00000000e+00
2.68900e+03 0.00000000e+00
2.69000e+03 0.00000000e+00
2.69100e+03 0.00000000e+00
2.69200e+03 0.00000000e+00
2.69300e+03 0.00000000e+00
2.69400e+03 0.00000000e+00
2.69500e+03 0.00000000e+00
2.69600e+03 0.00000000e+00
2.69700e+03 0.00000000e+00
2.69800e+03 0.00000000e+00
2.69900e+03 0.00000000e+00
2.70000e+03 0.00000000e+00
2.70100e+03 0.00000000e+00
2.70200e+03 0.00000000e+00
2.70300e+03 0.00000000e+00
2.70400e+03 0.00000000e+00
2.70500e+03 0.00000000e+00
2.70600e+03 0.00000000e+00
2.70700e+03 0.00000000e+00
2.70800e+03 0.00000000e+00
2.70900e+03 0.00000000e+00
2.71000e+03 0.00000000e+00
2.71100e+03 0.00000000e+00
2.71200e+03 0.00000000e+00
2.71300e+03 0.00000000e+00
2.71400e+03 0.00000000e+00
2.71500e+03 0.00000000e+00
2.71600e+03 0.00000000e+00
2.71700e+03 0.00000000e+00
2.71800e+03 0.00000000e+00
2.71900e+03 0.00000000e+00
2.72000e+03 0.00000000e+00
2.72100e+03 0.00000000e+00
2.72200e+03 0.00000000e+00
2.72300e+03 0.00000000e+00
2.72400e+03 0.00000000e+00
2.72500e+03 0.00000000e+00
2.72600e+03 0.00000000e+00
2.72700e+03 0.00000000e+00
2.72800e+03 0.00000000e+00
2.72900e+03 0.00000000e+00
2.73000e+03 0.00000000e+00
2.73100e+03 0.00000000e+00
2.73200e+03 0.00000000e+00
2.73300e+03 0.00000000e+00
2.73400e+03 0.00000000e+00
2.73500e+03 0.00000000e+00
2.73600e+03 0.00000000e+00
2.73700e+03 0.00000000e+00
2.73800e+03 0.00000000e+00
2.73900e+03 0.00000000e+00
2.74000e+03 0.00000000e+00
2.74100e+03 0.00000000e+00
2.74200e+03 0.00000000e+00
2.74300e+03 0.00000000e+00
2.74400e+03 0.00000000e+00
2.74500e+03 0.00000000e+00
2.74600e+03 0.00000000e+00
2.74700e+03 0.00000000e+00
2.74800e+03 0.00000000e+00
2.74900e+03 0.00000000e+00
2.75000e+03 0.00000000e+00
2.75100e+03 0.00000000e+00
2.75200e+03 0.00000000e+00
2.75300e+03 0.00000000e+00
2.75400e+03 0.00000000e+00
2.75500e+03 0.00000000e+00
2.75600e+03 0.00000000e+00
2.75700e+03 0.00000000e+00
2.75800e+03 0.00000000e+00
2.75900e+03 0.00000000e+00
2.76000e+03 0.00000000e+00
2.76100e+03 0.00000000e+00
2.76200e+03 0.00000000e+00
2.76300e+03 0.00000000e+00
2.76400e+03 0.00000000e+00
2.76500e+03 0.00000000e+00
2.76600e+03 0.00000000e+00
2.76700e+03 0.00000000e+00
2.76800e+03 0.00000000e+00
2.76900e+03 0.00000000e+00
2.77000e+03 0.00000000e+00
2.77100e+03 0.00000000e+00
2.77200e+03 0.00000000e+00
2.77300e+03 0.00000000e+00
2.77400e+03 0.00000000e+00
2.77500e+03 0.00000000e+00
2.77600e+03 0.00000000e+00
2.77700e+03 0.00000000e+00
2.77800e+03 0.00000000e+00
2.77900e+03 0.00000000e+00
2.78000e+03 0.00000000e+00
2.78100e+03 0.00000000e+00
2.78200e+03 0.00000000e+00
2.78300e+03 0.00000000e+00
2.78400e+03 0.00000000e+00
2.78500e+03 0.00000000e+00
2.78600e+03 0.00000000e+00
2.78700e+03 0.00000000e+00
2.78800e+03 0.00000000e+00
2.78900e+03 0.00000000e+00
2.79000e+03 0.00000000e+00
2.79100e+03 0.00000000e+00
2.79200e+03 0.00000000e+00
2.79300e+03 0.00000000e+00
2.79400e+03 0.00000000e+00
2.79500e+03 0.00000000e+00
2.79600e+03 0.00000000e+00
2.79700e+03 0.00000000e+00
2.79800e+03 0.00000000e+00
2.79900e+03 0.00000000e+00
2.80000e+03 0.00000000e+00
2.80100e+03 5.43472210e-323
2.80200e+03 3.25836293e-320
2.80300e+03 1.28723419e-317
2.80400e+03 4.96347836e-315
2.80500e+03 1.86728869e-312
2.80600e+03 6.85383293e-310
2.80700e+03 2.45443916e-307
2.80800e+03 8.57566368e-305
2.80900e+03 2.92334398e-302
2.81000e+03 9.72274314e-300
2.81100e+03 3.15496405e-297
2.81200e+03 9.98841849e-295
2.81300e+03 3.08528832e-292
2.81400e+03 9.29804175e-290
2.81500e+03 2.73390828e-287
2.81600e+03 7.84283538e-285
2.81700e+03 2.19512355e-282
2.81800e+03 5.99434247e-280
2.81900e+03 1.59705857e-277
2.82000e+03 4.15142168e-275
2.82100e+03 1.05285743e-272
2.82200e+03 2.60518753e-270
2.82300e+03 6.28934082e-268
2.82400e+03 1.48138512e-265
2.82500e+03 3.40429776e-263
2.82600e+03 7.63279875e-261
2.82700e+03 1.66969365e-258
2.82800e+03 3.56357981e-256
2.82900e+03 7.42049531e-254
2.83000e+03 1.50756488e-251
2.83100e+03 2.98824251e-249
2.83200e+03 5.77899581e-247
2.83300e+03 1.09039947e-244
2.83400e+03 2.00731529e-242
2.83500e+03 3.60530712e-240
2.83600e+03 6.31779675e-238
2.83700e+03 1.08015417e-235
2.83800e+03 1.80178328e-233
2.83900e+03 2.93235180e-231
2.84000e+03 4.65614291e-229
2.84100e+03 7.21328750e-227
2.84200e+03 1.09027711e-224
2.84300e+03 1.60781937e-222
2.84400e+03 2.31331265e-220
2.84500e+03 3.24734266e-218
2.84600e+03 4.44752723e-216
2.84700e+03 5.94300128e-214
2.84800e+03 7.74800235e-212
2.84900e+03 9.85531193e-210
2.85000e+03 1.22305987e-207
2.85100e+03 1.48088649e-205
2.85200e+03 1.74941375e-203
2.85300e+03 2.01632257e-201
2.85400e+03 2.26737941e-199
2.85500e+03 2.48762606e-197
2.85600e+03 2.66282550e-195
2.85700e+03 2.78097464e-193
2.85800e+03 2.83366210e-191
2.85900e+03 2.81705810e-189
2.86000e+03 2.73237473e-187
2.86100e+03 2.58571959e-185
2.86200e+03 2.38736764e-183
2.86300e+03 2.15057153e-181
2.86400e+03 1.89010178e-179
2.86500e+03 1.62073945e-177
2.86600e+03 1.35593205e-175
2.86700e+03 1.10677505e-173
2.86800e+03 8.81409049e-172
2.86900e+03 6.84845113e-170
2.87000e+03 5.19163233e-168
2.87100e+03 3.83983186e-166
2.87200e+03 2.77087668e-164
2.87300e+03 1.95082763e-162
2.87400e+03 1.34003861e-160
2.87500e+03 8.98074646e-159
2.87600e+03 5.87224641e-157
2.87700e+03 3.74621602e-155
2.87800e+03 2.33172900e-153
2.87900e+03 1.41598954e-151
2.88000e+03 8.38955111e-150
2.88100e+03 4.84969153e-148
2.88200e+03 2.73518193e-146
2.88300e+03 1.50506422e-144
2.88400e+03 8.08017111e-143
2.88500e+03 4.23236188e-141
2.88600e+03 2.16292640e-139
2.88700e+03 1.07844351e-137
2.88800e+03 5.24625954e-136
2.88900e+03 2.48999717e-134
2.89000e+03 1.15304072e-132
2.89100e+03 5.20939334e-131
2.89200e+03 2.29628805e-129
2.89300e+03 9.87557275e-128
2.89400e+03 4.14376321e-126
2.89500e+03 1.69638444e-124
2.89600e+03 6.77564027e-123
2.89700e+03 2.64042060e-121
2.89800e+03 1.00390495e-119
2.89900e+03 3.72399243e-118
2.90000e+03 1.34778834e-116
2.90100e+03 4.75917103e-115
2.90200e+03 1.63959898e-113
2.90300e+03 5.51113031e-112
2.90400e+03 1.80734237e-110
2.90500e+03 5.78278296e-109
2.90600e+03 1.80521971e-107
2.90700e+03 5.49819262e-106
2.90800e+03 1.63382880e-104
2.90900e+03 4.73685241e-103
2.91000e+03 1.33989224e-101
2.91100e+03 3.69782711e-100
2.91200e+03 9.95680594e-99
2.91300e+03 2.61571363e-97
2.91400e+03 6.70435587e-96
2.91500e+03 1.67656592e-94
2.91600e+03 4.09054260e-93
2.91700e+03 9.73728582e-92
2.91800e+03 2.26147415e-90
2.91900e+03 5.12438850e-89
2.92000e+03 1.13289375e-87
2.92100e+03 2.44361636e-86
2.92200e+03 5.14249145e-85
2.92300e+03 1.05587096e-83
2.92400e+03 2.11516778e-82
2.92500e+03 4.13404797e-81
2.92600e+03 7.88320668e-80
2.92700e+03 1.46665182e-78
2.92800e+03 2.66224396e-77
2.92900e+03 4.71482292e-76
2.93000e+03 8.14666081e-75
2.93100e+03 1.37337961e-73
2.93200e+03 2.25890656e-72
2.93300e+03 3.62495526e-71
2.93400e+03 5.67549503e-70
2.93500e+03 8.66964984e-69
2.93600e+03 1.29209986e-67
2.93700e+03 1.87882925e-66
2.93800e+03 2.66547898e-65
2.93900e+03 3.68943551e-64
2.94000e+03 4.98243106e-63
2.94100e+03 6.56476808e-62
2.94200e+03 8.43906228e-61
2.94300e+03 1.05843870e-59
2.94400e+03 1.29519138e-58
2.94500e+03 1.54631831e-57
2.94600e+03 1.80119431e-56
2.94700e+03 2.04700523e-55
2.94800e+03 2.26972927e-54
2.94900e+03 2.45542054e-53
2.95000e+03 2.59163856e-52
2.95100e+03 2.66882258e-51
2.95200e+03 2.68140059e-50
2.95300e+03 2.62845426e-49
2.95400e+03 2.51382984e-48
2.95500e+03 2.34567621e-47
2.95600e+03 2.13548726e-46
2.95700e+03 1.89680482e-45
2.95800e+03 1.64378514e-44
2.95900e+03 1.38983807e-43
2.96000e+03 1.14651598e-42
2.96100e+03 9.22768543e-42
2.96200e+03 7.24606489e-41
2.96300e+03 5.55147559e-40
2.96400e+03 4.14964971e-39
2.96500e+03 3.02629486e-38
2.96600e+03 2.15331643e-37
2.96700e+03 1.49486267e-36
2.96800e+03 1.01249197e-35
2.96900e+03 6.69081067e-35
2.97000e+03 4.31382761e-34
2.97100e+03 2.71358699e-33
2.97200e+03 1.66541188e-32
2.97300e+03 9.97232803e-32
2.97400e+03 5.82597315e-31
2.97500e+03 3.32075990e-30
2.97600e+03 1.84673085e-29
2.97700e+03 1.00199817e-28
2.97800e+03 5.30429313e-28
2.97900e+03 2.73958929e-27
2.98000e+03 1.38051412e-26
2.98100e+03 6.78724942e-26
2.98200e+03 3.25570059e-25
2.98300e+03 1.52367714e-24
2.98400e+03 6.95727963e-24
2.98500e+03 3.09944676e-23
2.98600e+03 1.34718534e-22
2.98700e+03 5.71306573e-22
2.98800e+03 2.36379661e-21
2.98900e+03 9.54224040e-21
2.99000e+03 3.75829069e-20
2.99100e+03 1.44421089e-19
2.99200e+03 5.41466548e-19
2.99300e+03 1.98067871e-18
2.99400e+03 7.06900903e-18
2.99500e+03 2.46153468e-17
2.99600e+03 8.36290662e-17
2.99700e+03 2.77212935e-16
2.99800e+03 8.96552949e-16
2.99900e+03 2.82908535e-15
3.00000e+03 8.71014683e-15
3.00100e+03 2.61647228e-14
3.00200e+03 7.66867337e-14
3.00300e+03 2.19300856e-13
3.00400e+03 6.11898403e-13
3.00500e+03 1.66586800e-12
3.00600e+03 4.42515001e-12
3.00700e+03 1.14695402e-11
3.00800e+03 2.90067947e-11
3.00900e+03 7.15805588e-11
3.01000e+03 1.72360921e-10
3.01100e+03 4.04984756e-10
3.01200e+03 9.28546421e-10
3.01300e+03 2.07751360e-09
3.01400e+03 4.53598047e-09
3.01500e+03 9.66493579e-09
3.01600e+03 2.00975287e-08
3.01700e+03 4.07868181e-08
3.01800e+03 8.07886926e-08
3.01900e+03 1.56191660e-07
3.02000e+03 2.94759428e-07
3.02100e+03 5.43012516e-07
3.02200e+03 9.76602632e-07
3.02300e+03 1.71486495e-06
3.02400e+03 2.94028140e-06
3.02500e+03 4.92315066e-06
3.02600e+03 8.05094325e-06
3.02700e+03 1.28605711e-05
3.02800e+03 2.00701558e-05
3.02900e+03 3.06050029e-05
3.03000e+03 4.56107054e-05
3.03100e+03 6.64450631e-05
3.03200e+03 9.46403665e-05
3.03300e+03 1.31829041e-04
3.03400e+03 1.79628999e-04
3.03500e+03 2.39490241e-04
3.03600e+03 3.12510882e-04
3.03700e+03 3.99237837e-04
3.03800e+03 4.99473902e-04
3.03900e+03 6.12117470e-04
3.04000e+03 7.35062805e-04
3.04100e+03 8.65186950e-04
3.04200e+03 9.98443996e-04
3.04300e+03 1.13007893e-03
3.04400e+03 1.25496236e-03
3.04500e+03 1.36803483e-03
3.04600e+03 1.46483577e-03
3.04700e+03 1.54207838e-03
3.04800e+03 1.59821836e-03
3.04900e+03 1.63395294e-03
3.05000e+03 1.65257891e-03
3.05100e+03 1.66013648e-03
3.05200e+03 1.66527305e-03
3.05300e+03 1.67877956e-03
3.05400e+03 1.71278306e-03
3.05500e+03 1.77962365e-03
3.05600e+03 1.89049619e-03
3.05700e+03 2.05399363e-03
3.05800e+03 2.27473672e-03
3.05900e+03 2.55230503e-03
3.06000e+03 2.88068156e-03
3.06100e+03 3.24838154e-03
3.06200e+03 3.63935050e-03
3.06300e+03 4.03459546e-03
3.06400e+03 4.41437469e-03
3.06500e+03 4.76064132e-03
3.06600e+03 5.05934729e-03
3.06700e+03 5.30219232e-03
3.06800e+03 5.48746620e-03
3.06900e+03 5.61977692e-03
3.07000e+03 5.70866206e-03
3.07100e+03 5.76630385e-03
3.07200e+03 5.80476142e-03
3.07300e+03 5.83325076e-03
3.07400e+03 5.85601097e-03
3.07500e+03 5.87118933e-03
3.07600e+03 5.87097608e-03
3.07700e+03 5.84296678e-03
3.07800e+03 5.77248164e-03
3.07900e+03 5.64538266e-03
3.08000e+03 5.45084191e-03
3.08100e+03 5.18354327e-03
3.08200e+03 4.84493480e-03
3.08300e+03 4.44335332e-03
3.08400e+03 3.99306861e-03
3.08500e+03 3.51249029e-03
3.08600e+03 3.02190877e-03
3.08700e+03 2.54118159e-03
3.08800e+03 2.08773241e-03
3.08900e+03 1.67512197e-03
3.09000e+03 1.31231166e-03
3.09100e+03 1.00360353e-03
3.09200e+03 7.49134094e-04
3.09300e+03 5.45736467e-04
3.09400e+03 3.87970173e-04
3.09500e+03 2.69141410e-04
3.09600e+03 1.82184327e-04
3.09700e+03 1.20330625e-04
3.09800e+03 7.75471729e-05
3.09900e+03 4.87610460e-05
3.10000e+03 2.99151973e-05
3.10100e+03 1.79068233e-05
3.10200e+03 1.04580353e-05
3.10300e+03 5.95915080e-06
3.10400e+03 3.31298733e-06
3.10500e+03 1.79702919e-06
3.10600e+03 9.51019861e-07
3.10700e+03 4.91046374e-07
3.10800e+03 2.47373647e-07
3.10900e+03 1.21585565e-07
3.11000e+03 5.83052966e-08
3.11100e+03 2.72791746e-08
3.11200e+03 1.24523561e-08
3.11300e+03 5.54585902e-09
3.11400e+03 2.40981129e-09
3.11500e+03 1.02163110e-09
3.11600e+03 4.22573244e-10
3.11700e+03 1.70532312e-10
3.11800e+03 6.71441428e-11
3.11900e+03 2.57932664e-11
3.12000e+03 9.66721320e-12
3.12100e+03 3.53502903e-12
3.12200e+03 1.26119256e-12
3.12300e+03 4.39002044e-13
3.12400e+03 1.49089962e-13
3.12500e+03 4.94000040e-14
3.12600e+03 1.59699031e-14
3.12700e+03 5.03702714e-15
3.12800e+03 1.55004039e-15
3.12900e+03 4.65380792e-16
3.13000e+03 1.36323462e-16
3.13100e+03 3.89609438e-17
3.13200e+03 1.08638821e-17
3.13300e+03 2.95554334e-18
3.13400e+03 7.84488047e-19
3.13500e+03 2.03157117e-19
3.13600e+03 5.13303782e-20
3.13700e+03 1.26535853e-20
3.13800e+03 3.04333277e-21
3.13900e+03 7.14137763e-22
3.14000e+03 1.63497556e-22
3.14100e+03 3.65205446e-23
3.14200e+03 7.95902623e-24
3.14300e+03 1.69230773e-24
3.14400e+03 3.51071399e-25
3.14500e+03 7.10572301e-26
3.14600e+03 1.40319429e-26
3.14700e+03 2.70348557e-27
3.14800e+03 5.08191053e-28
3.14900e+03 9.32023116e-29
3.15000e+03 1.66771972e-29
3.15100e+03 2.91149572e-30
3.15200e+03 4.95913532e-31
3.15300e+03 8.24123833e-32
3.15400e+03 1.33621302e-32
3.15500e+03 2.11375981e-33
3.15600e+03 3.26236301e-34
3.15700e+03 4.91253484e-35
3.15800e+03 7.21731589e-36
3.15900e+03 1.03452859e-36
3.16000e+03 1.44679164e-37
3.16100e+03 1.97408657e-38
3.16200e+03 2.62798638e-39
3.16300e+03 3.41331789e-40
3.16400e+03 4.32540796e-41
3.16500e+03 5.34778729e-42
3.16600e+03 6.45086399e-43
3.16700e+03 7.59203772e-44
3.16800e+03 8.71757195e-45
3.16900e+03 9.76628593e-46
3.17000e+03 1.06748072e-46
3.17100e+03 1.13838026e-47
3.17200e+03 1.18443542e-48
3.17300e+03 1.20235337e-49
3.17400e+03 1.19082948e-50
3.17500e+03 1.15070431e-51
3.17600e+03 1.08486229e-52
3.17700e+03 9.97888913e-54
3.17800e+03 8.95543102e-55
3.17900e+03 7.84128972e-56
3.18000e+03 6.69861811e-57
3.18100e+03 5.58315453e-58
3.18200e+03 4.54015615e-59
3.18300e+03 3.60212386e-60
3.18400e+03 2.78832380e-61
3.18500e+03 2.10583568e-62
3.18600e+03 1.55168109e-63
3.18700e+03 1.11551949e-64
3.18800e+03 7.82435547e-66
3.18900e+03 5.35447250e-67
3.19000e+03 3.57504509e-68
3.19100e+03 2.32885831e-69
3.19200e+03 1.48013497e-70
3.19300e+03 9.17817395e-72
3.19400e+03 5.55274796e-73
3.19500e+03 3.27760300e-74
3.19600e+03 1.88756296e-75
3.19700e+03 1.06057957e-76
3.19800e+03 5.81409038e-78
3.19900e+03 3.10968938e-79
3.20000e+03 1.62274005e-80
3.20100e+03 8.26185578e-82
3.20200e+03 4.10395865e-83
3.20300e+03 1.98895544e-84
3.20400e+03 9.40467609e-86
3.20500e+03 4.33869721e-87
3.20600e+03 1.95286200e-88
3.20700e+03 8.57591518e-90
3.20800e+03 3.67439728e-91
3.20900e+03 1.53599024e-92
3.21000e+03 6.26451585e-94
3.21100e+03 2.49277615e-95
3.21200e+03 9.67778031e-97
3.21300e+03 3.66576778e-98
3.21400e+03 1.35472408e-99
3.21500e+03 4.88465015e-101
3.21600e+03 1.71835459e-102
3.21700e+03 5.89778346e-104
3.21800e+03 1.97497485e-105
3.21900e+03 6.45254478e-107
3.22000e+03 2.05682431e-108
3.22100e+03 6.39676030e-110
3.22200e+03 1.94097378e-111
3.22300e+03 5.74613694e-113
3.22400e+03 1.65969768e-114
3.22500e+03 4.67712214e-116
3.22600e+03 1.28595315e-117
3.22700e+03 3.44959648e-119
3.22800e+03 9.02834518e-121
3.22900e+03 2.30539170e-122
3.23000e+03 5.74351827e-124
3.23100e+03 1.39607259e-125
3.23200e+03 3.31081340e-127
3.23300e+03 7.66051770e-129
3.23400e+03 1.72933148e-130
3.23500e+03 3.80886066e-132
3.23600e+03 8.18481061e-134
3.23700e+03 1.71600637e-135
3.23800e+03 3.51015155e-137
3.23900e+03 7.00534535e-139
3.24000e+03 1.36404892e-140
3.24100e+03 2.59135582e-142
3.24200e+03 4.80309158e-144
3.24300e+03 8.68583141e-146
3.24400e+03 1.53249348e-147
3.24500e+03 2.63804734e-149
3.24600e+03 4.43060719e-151
3.24700e+03 7.26006687e-153
3.24800e+03 1.16068589e-154
3.24900e+03 1.81044569e-156
3.25000e+03 2.75519923e-158
3.25100e+03 4.09088458e-160
3.25200e+03 5.92622527e-162
3.25300e+03 8.37598319e-164
3.25400e+03 1.15502171e-165
3.25500e+03 1.55396493e-167
3.25600e+03 2.03980657e-169
3.25700e+03 2.61236269e-171
3.25800e+03 3.26418429e-173
3.25900e+03 3.97935403e-175
3.26000e+03 4.73311655e-177
3.26100e+03 5.49260704e-179
3.26200e+03 6.21879974e-181
3.26300e+03 6.86959803e-183
3.26400e+03 7.40376780e-185
3.26500e+03 7.78522137e-187
3.26600e+03 7.98703989e-189
3.26700e+03 7.99461312e-191
3.26800e+03 7.80738798e-193
3.26900e+03 7.43893533e-195
3.27000e+03 6.91532372e-197
3.27100e+03 6.27207090e-199
3.27200e+03 5.55016781e-201
3.27300e+03 4.79179224e-203
3.27400e+03 4.03632899e-205
3.27500e+03 3.31720145e-207
3.27600e+03 2.65982979e-209
3.27700e+03 2.08081063e-211
3.27800e+03 1.58821020e-213
3.27900e+03 1.18271502e-215
3.28000e+03 8.59308205e-218
3.28100e+03 6.09136348e-220
3.28200e+03 4.21285763e-222
3.28300e+03 2.84273097e-224
3.28400e+03 1.87150698e-226
3.28500e+03 1.20210901e-228
3.28600e+03 7.53343361e-231
3.28700e+03 4.60615756e-233
3.28800e+03 2.74777599e-235
3.28900e+03 1.59926551e-237
3.29000e+03 9.08147786e-240
3.29100e+03 5.03140408e-242
3.29200e+03 2.71968482e-244
3.29300e+03 1.43431543e-246
3.29400e+03 7.38018880e-249
3.29500e+03 3.70498954e-251
3.29600e+03 1.81469320e-253
3.29700e+03 8.67193767e-256
3.29800e+03 4.04320532e-258
3.29900e+03 1.83921354e-260
3.30000e+03 8.16272612e-263
3.30100e+03 3.53455714e-265
3.30200e+03 1.49324648e-267
3.30300e+03 6.15495247e-270
3.30400e+03 2.47522464e-272
3.30500e+03 9.71183389e-275
3.30600e+03 3.71778768e-277
3.30700e+03 1.38855994e-279
3.30800e+03 5.05989370e-282
3.30900e+03 1.79893249e-284
3.31000e+03 6.24000658e-287
3.31100e+03 2.11179590e-289
3.31200e+03 6.97293389e-292
3.31300e+03 2.24634193e-294
3.31400e+03 7.06045830e-297
3.31500e+03 2.16514323e-299
3.31600e+03 6.47794240e-302
3.31700e+03 1.89096828e-304
3.31800e+03 5.38552588e-307
3.31900e+03 1.49647237e-309
3.32000e+03 4.05700924e-312
3.32100e+03 1.07309954e-314
3.32200e+03 2.76931749e-317
3.32300e+03 6.95940869e-320
3.32400e+03 0.00000000e+00
3.32500e+03 0.00000000e+00
3.32600e+03 0.00000000e+00
3.32700e+03 0.00000000e+00
3.32800e+03 0.00000000e+00
3.32900e+03 0.00000000e+00
3.33000e+03 0.00000000e+00
3.33100e+03 0.00000000e+00
3.33200e+03 0.00000000e+00
3.33300e+03 0.00000000e+00
3.33400e+03 0.00000000e+00
3.33500e+03 0.00000000e+00
3.33600e+03 0.00000000e+00
3.33700e+03 0.00000000e+00
3.33800e+03 0.00000000e+00
3.33900e+03 0.00000000e+00
3.34000e+03 0.00000000e+00
3.34100e+03 0.00000000e+00
3.34200e+03 0.00000000e+00
3.34300e+03 0.00000000e+00
3.34400e+03 0.00000000e+00
3.34500e+03 0.00000000e+00
3.34600e+03 0.00000000e+00
3.34700e+03 0.00000000e+00
3.34800e+03 0.00000000e+00
3.34900e+03 0.00000000e+00
3.35000e+03 0.00000000e+00
3.35100e+03 0.00000000e+00
3.35200e+03 0.00000000e+00
3.35300e+03 0.00000000e+00
3.35400e+03 0.00000000e+00
3.35500e+03 0.00000000e+00
3.35600e+03 0.00000000e+00
3.35700e+03 0.00000000e+00
3.35800e+03 0.00000000e+00
3.35900e+03 0.00000000e+00
3.36000e+03 0.00000000e+00
3.36100e+03 0.00000000e+00
3.36200e+03 0.00000000e+00
3.36300e+03 0.00000000e+00
3.36400e+03 0.00000000e+00
3.36500e+03 0.00000000e+00
3.36600e+03 0.00000000e+00
3.36700e+03 0.00000000e+00
3.36800e+03 0.00000000e+00
3.36900e+03 0.00000000e+00
3.37000e+03 0.00000000e+00
3.37100e+03 0.00000000e+00
3.37200e+03 0.00000000e+00
3.37300e+03 0.00000000e+00
3.37400e+03 0.00000000e+00
3.37500e+03 0.00000000e+00
3.37600e+03 0.00000000e+00
3.37700e+03 0.00000000e+00
3.37800e+03 0.00000000e+00
3.37900e+03 0.00000000e+00
3.38000e+03 0.00000000e+00
3.38100e+03 0.00000000e+00
3.38200e+03 0.00000000e+00
3.38300e+03 0.00000000e+00
3.38400e+03 0.00000000e+00
3.38500e+03 0.00000000e+00
3.38600e+03 0.00000000e+00
3.38700e+03 0.00000000e+00
3.38800e+03 0.00000000e+00
3.38900e+03 0.00000000e+00
3.39000e+03 0.00000000e+00
3.39100e+03 0.00000000e+00
3.39200e+03 0.00000000e+00
3.39300e+03 0.00000000e+00
3.39400e+03 0.00000000e+00
3.39500e+03 0.00000000e+00
3.39600e+03 0.00000000e+00
3.39700e+03 0.00000000e+00
3.39800e+03 0.00000000e+00
3.39900e+03 0.00000000e+00
3.40000e+03 0.00000000e+00
3.40100e+03 0.00000000e+00
3.40200e+03 0.00000000e+00
3.40300e+03 0.00000000e+00
3.40400e+03 0.00000000e+00
3.40500e+03 0.00000000e+00
3.40600e+03 0.00000000e+00
3.40700e+03 0.00000000e+00
3.40800e+03 0.00000000e+00
3.40900e+03 0.00000000e+00
3.41000e+03 0.00000000e+00
3.41100e+03 0.00000000e+00
3.41200e+03 0.00000000e+00
3.41300e+03 0.00000000e+00
3.41400e+03 0.00000000e+00
3.41500e+03 0.00000000e+00
3.41600e+03 0.00000000e+00
3.41700e+03 0.00000000e+00
3.41800e+03 0.00000000e+00
3.41900e+03 0.00000000e+00
3.42000e+03 0.00000000e+00
3.42100e+03 0.00000000e+00
3.42200e+03 0.00000000e+00
3.42300e+03 0.00000000e+00
3.42400e+03 0.00000000e+00
3.42500e+03 0.00000000e+00
3.42600e+03 0.00000000e+00
3.42700e+03 0.00000000e+00
3.42800e+03 0.00000000e+00
3.42900e+03 0.00000000e+00
3.43000e+03 0.00000000e+00
3.43100e+03 0.00000000e+00
3.43200e+03 0.00000000e+00
3.43300e+03 0.00000000e+00
3.43400e+03 0.00000000e+00
3.43500e+03 0.00000000e+00
3.43600e+03 0.00000000e+00
3.43700e+03 0.00000000e+00
3.43800e+03 0.00000000e+00
3.43900e+03 0.00000000e+00
3.44000e+03 0.00000000e+00
3.44100e+03 0.00000000e+00
3.44200e+03 0.00000000e+00
3.44300e+03 0.00000000e+00
3.44400e+03 0.00000000e+00
3.44500e+03 0.00000000e+00
3.44600e+03 0.00000000e+00
3.44700e+03 0.00000000e+00
3.44800e+03 0.00000000e+00
3.44900e+03 0.00000000e+00
3.45000e+03 0.00000000e+00
3.45100e+03 0.00000000e+00
3.45200e+03 0.00000000e+00
3.45300e+03 0.00000000e+00
3.45400e+03 0.00000000e+00
3.45500e+03 0.00000000e+00
3.45600e+03 0.00000000e+00
3.45700e+03 0.00000000e+00
3.45800e+03 0.00000000e+00
3.45900e+03 0.00000000e+00
3.46000e+03 0.00000000e+00
3.46100e+03 0.00000000e+00
3.46200e+03 0.00000000e+00
3.46300e+03 0.00000000e+00
3.46400e+03 0.00000000e+00
3.46500e+03 0.00000000e+00
3.46600e+03 0.00000000e+00
3.46700e+03 0.00000000e+00
3.46800e+03 0.00000000e+00
3.46900e+03 0.00000000e+00
3.47000e+03 0.00000000e+00
3.47100e+03 0.00000000e+00
3.47200e+03 0.00000000e+00
3.47300e+03 0.00000000e+00
3.47400e+03 0.00000000e+00
3.47500e+03 0.00000000e+00
3.47600e+03 0.00000000e+00
3.47700e+03 0.00000000e+00
3.47800e+03 0.00000000e+00
3.47900e+03 0.00000000e+00
3.48000e+03 0.00000000e+00
3.48100e+03 0.00000000e+00
3.48200e+03 0.00000000e+00
3.48300e+03 0.00000000e+00
3.48400e+03 0.00000000e+00
3.48500e+03 0.00000000e+00
3.48600e+03 0.00000000e+00
3.48700e+03 0.00000000e+00
3.48800e+03 0.00000000e+00
3.48900e+03 0.00000000e+00
3.49000e+03 0.00000000e+00
3.49100e+03 0.00000000e+00
3.49200e+03 0.00000000e+00
3.49300e+03 0.00000000e+00
3.49400e+03 0.00000000e+00
3.49500e+03 0.00000000e+00
3.49600e+03 0.00000000e+00
3.49700e+03 0.00000000e+00
3.49800e+03 0.00000000e+00
3.49900e+03 0.00000000e+00
3.50000e+03 0.00000000e+00
