# energy	fit	voigt_0	voigt_1	g_type_edge 1
8.52500000e+02 2.31352380e-02 6.01384752e-03 1.71213905e-02 0.00000000e+00
8.52750000e+02 2.52988224e-02 6.58130839e-03 1.87175141e-02 0.00000000e+00
8.53000000e+02 2.77857587e-02 7.23517878e-03 2.05505799e-02 0.00000000e+00
8.53250000e+02 3.06644972e-02 7.99418019e-03 2.26703170e-02 0.00000000e+00
8.53500000e+02 3.40227491e-02 8.88244165e-03 2.51403075e-02 1.68285763e-16
8.53750000e+02 3.79744196e-02 9.93150220e-03 2.80429174e-02 1.29019085e-15
8.54000000e+02 4.26696528e-02 1.11832402e-02 3.14864125e-02 9.64838376e-15
8.54250000e+02 4.83097055e-02 1.26942571e-02 3.56154484e-02 6.70338290e-14
8.54500000e+02 5.51695101e-02 1.45426065e-02 4.06269036e-02 4.36645460e-13
8.54750000e+02 6.36328572e-02 1.68384298e-02 4.67944273e-02 2.67041459e-12
8.55000000e+02 7.42490173e-02 1.97413359e-02 5.45076814e-02 1.53377327e-11
8.55250000e+02 8.78272510e-02 2.34899202e-02 6.43373307e-02 8.27430806e-11
8.55500000e+02 1.05601459e-01 2.84542374e-02 7.71472209e-02 4.19304454e-10
8.55750000e+02 1.29531983e-01 3.52342625e-02 9.42977189e-02 1.99617610e-09
8.56000000e+02 1.62893910e-01 4.48571831e-02 1.18036718e-01 8.92870330e-09
8.56250000e+02 2.11514351e-01 5.92061989e-02 1.52308115e-01 3.75277268e-08
8.56500000e+02 2.86637577e-01 8.20537141e-02 2.04583715e-01 1.48235048e-07
8.56750000e+02 4.12445275e-01 1.21907859e-01 2.90536865e-01 5.50366565e-07
8.57000000e+02 6.49309782e-01 2.01334240e-01 4.47973621e-01 1.92101974e-06
8.57250000e+02 1.17840370e+00 3.92446799e-01 7.85950594e-01 6.30487062e-06
8.57500000e+02 2.53047164e+00 8.91740026e-01 1.63871215e+00 1.94617739e-05
8.57750000e+02 5.09078456e+00 1.58591235e+00 3.50481569e+00 5.65146783e-05
8.58000000e+02 6.33622331e+00 1.53631747e+00 4.79975140e+00 1.54432645e-04
8.58250000e+02 4.99551293e+00 9.42529482e-01 4.05258620e+00 3.97247321e-04
8.58500000e+02 4.05344475e+00 5.24852234e-01 3.52763025e+00 9.62263254e-04
8.58750000e+02 2.50137451e+00 3.82403449e-01 2.11677507e+00 2.19599411e-03
8.59000000e+02 1.28210857e+00 2.73899084e-01 1.00348563e+00 4.72386468e-03
8.59250000e+02 8.26023263e-01 2.44119471e-01 5.72319611e-01 9.58418133e-03
8.59500000e+02 7.13001954e-01 2.68465973e-01 4.26182798e-01 1.83531843e-02
8.59750000e+02 7.43039370e-01 3.31485855e-01 3.78354232e-01 3.31992828e-02
8.60000000e+02 8.43267187e-01 3.75197476e-01 4.11284585e-01 5.67851260e-02
8.60250000e+02 1.01207752e+00 2.95820667e-01 6.24310194e-01 9.19466636e-02
8.60500000e+02 1.06752093e+00 1.87370465e-01 7.39015469e-01 1.41134992e-01
8.60750000e+02 8.60534176e-01 1.48719854e-01 5.06108802e-01 2.05705520e-01
8.61000000e+02 6.81362881e-01 9.75879829e-02 2.98529497e-01 2.85245401e-01
8.61250000e+02 6.83338168e-01 5.64615495e-02 2.49689194e-01 3.77187424e-01
8.61500000e+02 7.12654089e-01 3.66985701e-02 1.99039011e-01 4.76916508e-01
8.61750000e+02 7.24847416e-01 2.69339098e-02 1.19487111e-01 5.78426395e-01
8.62000000e+02 7.74843508e-01 2.11997390e-02 7.82616172e-02 6.75382152e-01
8.62250000e+02 8.38279709e-01 1.73965452e-02 5.86014528e-02 7.62281711e-01
8.62500000e+02 8.97141855e-01 1.46783193e-02 4.70948231e-02 8.35368713e-01
8.62750000e+02 9.45051837e-01 1.26372888e-02 3.93637230e-02 8.93050825e-01
8.63000000e+02 9.80552334e-01 1.10503475e-02 3.37322287e-02 9.35769758e-01
8.63250000e+02 1.00465708e+00 9.78405851e-03 2.94154921e-02 9.65457526e-01
8.63500000e+02 1.01956058e+00 8.75322964e-03 2.59895114e-02 9.84817837e-01
8.63750000e+02 1.02776713e+00 7.90069676e-03 2.32011610e-02 9.96665271e-01
8.64000000e+02 1.03154305e+00 7.18657549e-03 2.08880107e-02 1.00346847e+00
8.64250000e+02 1.03265654e+00 6.58215142e-03 1.89400459e-02 1.00713434e+00
8.64500000e+02 1.03233376e+00 6.06621527e-03 1.72795869e-02 1.00898795e+00
8.64750000e+02 1.03134017e+00 5.62276559e-03 1.58499528e-02 1.00986745e+00
8.65000000e+02 1.03010722e+00 5.23951497e-03 1.46086734e-02 1.01025903e+00
