8.960000000000000000e+03 1.519111417712456493e-03 1.000000000000000021e-03
8.960377358490566621e+03 2.205549301251077694e-03 1.000000000000000021e-03
8.960754716981131423e+03 1.325686829224418262e-03 1.000000000000000021e-03
8.961132075471698045e+03 -1.124109025065492739e-03 1.000000000000000021e-03
8.961509433962264666e+03 1.270839646882287923e-03 1.000000000000000021e-03
8.961886792452829468e+03 1.584434406385938372e-03 1.000000000000000021e-03
8.962264150943396089e+03 1.861957662613941168e-03 1.000000000000000021e-03
8.962641509433962710e+03 -1.064361187332222864e-03 1.000000000000000021e-03
8.963018867924527513e+03 6.070884935439237054e-04 1.000000000000000021e-03
8.963396226415094134e+03 5.961719248206379801e-04 1.000000000000000021e-03
8.963773584905660755e+03 -2.724334514558815609e-04 1.000000000000000021e-03
8.964150943396225557e+03 -1.661540656025704225e-04 1.000000000000000021e-03
8.964528301886792178e+03 1.385752053848774042e-03 1.000000000000000021e-03
8.964905660377358799e+03 2.561689714937356952e-05 1.000000000000000021e-03
8.965283018867925421e+03 4.308521102776393568e-04 1.000000000000000021e-03
8.965660377358490223e+03 3.514810888579516547e-05 1.000000000000000021e-03
8.966037735849056844e+03 -1.409406862880580556e-03 1.000000000000000021e-03
8.966415094339623465e+03 -9.818403009106450256e-04 1.000000000000000021e-03
8.966792452830188267e+03 3.238350911408028557e-03 1.000000000000000021e-03
8.967169811320754889e+03 9.708602386167158350e-04 1.000000000000000021e-03
8.967547169811321510e+03 7.812619825527989965e-04 1.000000000000000021e-03
8.967924528301886312e+03 1.244044963049601793e-03 1.000000000000000021e-03
8.968301886792452933e+03 1.406841825414824852e-03 1.000000000000000021e-03
8.968679245283019554e+03 1.917670228221958267e-03 1.000000000000000021e-03
8.969056603773584357e+03 9.922260161637538444e-04 1.000000000000000021e-03
8.969433962264150978e+03 6.459588742037896238e-04 1.000000000000000021e-03
8.969811320754717599e+03 1.545335629202792844e-03 1.000000000000000021e-03
8.970188679245282401e+03 3.531816242265747949e-03 1.000000000000000021e-03
8.970566037735849022e+03 1.330857351091318305e-03 1.000000000000000021e-03
8.970943396226415643e+03 -1.540224045008542226e-04 1.000000000000000021e-03
8.971320754716980446e+03 7.015112836890693461e-05 1.000000000000000021e-03
8.971698113207547067e+03 6.980525347868521760e-04 1.000000000000000021e-03
8.972075471698113688e+03 9.026564084076595237e-04 1.000000000000000021e-03
8.972452830188678490e+03 2.224093754680556666e-03 1.000000000000000021e-03
8.972830188679245111e+03 2.744233892325726766e-03 1.000000000000000021e-03
8.973207547169811733e+03 1.815854631436723213e-03 1.000000000000000021e-03
8.973584905660376535e+03 1.532523933103574054e-03 1.000000000000000021e-03
8.973962264150943156e+03 2.108771192963324308e-03 1.000000000000000021e-03
8.974339622641509777e+03 1.411894460984557727e-03 1.000000000000000021e-03
8.974716981132074579e+03 1.291609174674002245e-03 1.000000000000000021e-03
8.975094339622641201e+03 1.390045042805257512e-03 1.000000000000000021e-03
8.975471698113207822e+03 2.994210711652662334e-03 1.000000000000000021e-03
8.975849056603774443e+03 1.724576426746242744e-03 1.000000000000000021e-03
8.976226415094339245e+03 6.614495123284640926e-04 1.000000000000000021e-03
8.976603773584905866e+03 2.240801410330141123e-03 1.000000000000000021e-03
8.976981132075472487e+03 1.745357994848282645e-03 1.000000000000000021e-03
8.977358490566037290e+03 2.123953623499570589e-03 1.000000000000000021e-03
8.977735849056603911e+03 1.698658001831625155e-03 1.000000000000000021e-03
8.978113207547170532e+03 4.931996335807664784e-03 1.000000000000000021e-03
8.978490566037735334e+03 3.008040014412848105e-03 1.000000000000000021e-03
8.978867924528301955e+03 6.183722168350120306e-04 1.000000000000000021e-03
8.979245283018868577e+03 3.807816419694251900e-03 1.000000000000000021e-03
8.979622641509433379e+03 1.020272576151837630e-03 1.000000000000000021e-03
8.980000000000000000e+03 2.246739807533986062e-03 1.000000000000000021e-03
8.980377358490566621e+03 1.838266284475311438e-03 1.000000000000000021e-03
8.980754716981131423e+03 4.233651730666285889e-03 1.000000000000000021e-03
8.981132075471698045e+03 3.376833542439900381e-03 1.000000000000000021e-03
8.981509433962264666e+03 5.346697071778249225e-03 1.000000000000000021e-03
8.981886792452829468e+03 5.139964635322387052e-03 1.000000000000000021e-03
8.982264150943396089e+03 4.533606603191300648e-03 1.000000000000000021e-03
8.982641509433962710e+03 4.594870984192125397e-03 1.000000000000000021e-03
8.983018867924527513e+03 4.765401907968882210e-03 1.000000000000000021e-03
8.983396226415094134e+03 6.827087455967700141e-03 1.000000000000000021e-03
8.983773584905660755e+03 1.015508023592300892e-02 1.000000000000000021e-03
8.984150943396225557e+03 9.365174527867602475e-03 1.000000000000000021e-03
8.984528301886792178e+03 1.028605780301002429e-02 1.000000000000000021e-03
8.984905660377358799e+03 1.308714027785828383e-02 1.000000000000000021e-03
8.985283018867925421e+03 1.549725010478512910e-02 1.000000000000000021e-03
8.985660377358490223e+03 2.146063603224318550e-02 1.000000000000000021e-03
8.986037735849056844e+03 2.342072657834796609e-02 1.000000000000000021e-03
8.986415094339623465e+03 3.127807689501954647e-02 1.000000000000000021e-03
8.986792452830188267e+03 3.006783064846942077e-02 1.000000000000000021e-03
8.987169811320754889e+03 3.541976425845850401e-02 1.000000000000000021e-03
8.987547169811321510e+03 3.527768417237000381e-02 1.000000000000000021e-03
8.987924528301886312e+03 3.753154979901308919e-02 1.000000000000000021e-03
8.988301886792452933e+03 4.010596436351870908e-02 1.000000000000000021e-03
8.988679245283019554e+03 4.281687396470459928e-02 1.000000000000000021e-03
8.989056603773584357e+03 4.794686934941515960e-02 1.000000000000000021e-03
8.989433962264150978e+03 5.205481364510514131e-02 1.000000000000000021e-03
8.989811320754717599e+03 6.027682902696242934e-02 1.000000000000000021e-03
8.990188679245282401e+03 6.699057285016338237e-02 1.000000000000000021e-03
8.990566037735849022e+03 7.655277830284536178e-02 1.000000000000000021e-03
8.990943396226415643e+03 8.341266357810823984e-02 1.000000000000000021e-03
8.991320754716980446e+03 9.513062544714215307e-02 1.000000000000000021e-03
8.991698113207547067e+03 1.054226254621068309e-01 1.000000000000000021e-03
8.992075471698113688e+03 1.178584365556940572e-01 1.000000000000000021e-03
8.992452830188678490e+03 1.281472686763617252e-01 1.000000000000000021e-03
8.992830188679245111e+03 1.368344925780316801e-01 1.000000000000000021e-03
8.993207547169811733e+03 1.479259806544328537e-01 1.000000000000000021e-03
8.993584905660376535e+03 1.561613228523630881e-01 1.000000000000000021e-03
8.993962264150943156e+03 1.673224095985075544e-01 1.000000000000000021e-03
8.994339622641509777e+03 1.766823758394451827e-01 1.000000000000000021e-03
8.994716981132074579e+03 1.871425663025789998e-01 1.000000000000000021e-03
8.995094339622641201e+03 1.936634973523106706e-01 1.000000000000000021e-03
8.995471698113207822e+03 2.006077565852233680e-01 1.000000000000000021e-03
8.995849056603774443e+03 2.060346402768797602e-01 1.000000000000000021e-03
8.996226415094339245e+03 2.132983363030565294e-01 1.000000000000000021e-03
8.996603773584905866e+03 2.207922534658795788e-01 1.000000000000000021e-03
8.996981132075472487e+03 2.266245817621422021e-01 1.000000000000000021e-03
8.997358490566037290e+03 2.289823240179133523e-01 1.000000000000000021e-03
8.997735849056603911e+03 2.351462353894384072e-01 1.000000000000000021e-03
8.998113207547170532e+03 2.395305194995859532e-01 1.000000000000000021e-03
8.998490566037735334e+03 2.431930289371861675e-01 1.000000000000000021e-03
8.998867924528301955e+03 2.442085000763473956e-01 1.000000000000000021e-03
8.999245283018868577e+03 2.461762144510742933e-01 1.000000000000000021e-03
8.999622641509433379e+03 2.494390956648400992e-01 1.000000000000000021e-03
9.000000000000000000e+03 2.514794099526084792e-01 1.000000000000000021e-03
9.000377358490566621e+03 2.475605001453564935e-01 1.000000000000000021e-03
9.000754716981131423e+03 2.491765978128149539e-01 1.000000000000000021e-03
9.001132075471698045e+03 2.444402373488864799e-01 1.000000000000000021e-03
9.001509433962264666e+03 2.443596854419035902e-01 1.000000000000000021e-03
9.001886792452829468e+03 2.418820640934573329e-01 1.000000000000000021e-03
9.002264150943396089e+03 2.396355666272310947e-01 1.000000000000000021e-03
9.002641509433962710e+03 2.364930905383450244e-01 1.000000000000000021e-03
9.003018867924527513e+03 2.343016014898252064e-01 1.000000000000000021e-03
9.003396226415094134e+03 2.322857740000794924e-01 1.000000000000000021e-03
9.003773584905660755e+03 2.283942159177680675e-01 1.000000000000000021e-03
9.004150943396225557e+03 2.271962763310295952e-01 1.000000000000000021e-03
9.004528301886792178e+03 2.268647117657456025e-01 1.000000000000000021e-03
9.004905660377358799e+03 2.227459885498696002e-01 1.000000000000000021e-03
9.005283018867925421e+03 2.211933004459448182e-01 1.000000000000000021e-03
9.005660377358490223e+03 2.202865795084559819e-01 1.000000000000000021e-03
9.006037735849056844e+03 2.180482080549273338e-01 1.000000000000000021e-03
9.006415094339623465e+03 2.155859025971144649e-01 1.000000000000000021e-03
9.006792452830188267e+03 2.162104139136927783e-01 1.000000000000000021e-03
9.007169811320754889e+03 2.120625262264773658e-01 1.000000000000000021e-03
9.007547169811321510e+03 2.135242142996740533e-01 1.000000000000000021e-03
9.007924528301886312e+03 2.133213870539215906e-01 1.000000000000000021e-03
9.008301886792452933e+03 2.136588830661526883e-01 1.000000000000000021e-03
9.008679245283019554e+03 2.131894795108430218e-01 1.000000000000000021e-03
9.009056603773584357e+03 2.094148632051990033e-01 1.000000000000000021e-03
9.009433962264150978e+03 2.082400747763039905e-01 1.000000000000000021e-03
9.009811320754717599e+03 2.069742530943624592e-01 1.000000000000000021e-03
9.010188679245282401e+03 2.103098512393817010e-01 1.000000000000000021e-03
9.010566037735849022e+03 2.067484118756085232e-01 1.000000000000000021e-03
9.010943396226415643e+03 2.077659563101943996e-01 1.000000000000000021e-03
9.011320754716980446e+03 2.060307167233672299e-01 1.000000000000000021e-03
9.011698113207547067e+03 2.058463755849586629e-01 1.000000000000000021e-03
9.012075471698113688e+03 2.042762495481676988e-01 1.000000000000000021e-03
9.012452830188678490e+03 2.068383796031022515e-01 1.000000000000000021e-03
9.012830188679245111e+03 2.052845706063237408e-01 1.000000000000000021e-03
9.013207547169811733e+03 2.060700196924384886e-01 1.000000000000000021e-03
9.013584905660376535e+03 2.047845687502040657e-01 1.000000000000000021e-03
9.013962264150943156e+03 2.022990376967290505e-01 1.000000000000000021e-03
9.014339622641509777e+03 2.055823254142707390e-01 1.000000000000000021e-03
9.014716981132074579e+03 2.061661851649394250e-01 1.000000000000000021e-03
9.015094339622641201e+03 2.041803250848582274e-01 1.000000000000000021e-03
9.015471698113207822e+03 2.038034281087043320e-01 1.000000000000000021e-03
9.015849056603774443e+03 2.040927739759103854e-01 1.000000000000000021e-03
9.016226415094339245e+03 2.024472436097335126e-01 1.000000000000000021e-03
9.016603773584905866e+03 2.034965855960932102e-01 1.000000000000000021e-03
9.016981132075472487e+03 2.039502262745113981e-01 1.000000000000000021e-03
9.017358490566037290e+03 2.036983018045430971e-01 1.000000000000000021e-03
9.017735849056603911e+03 2.024658337937629282e-01 1.000000000000000021e-03
9.018113207547170532e+03 2.014629518541961040e-01 1.000000000000000021e-03
9.018490566037735334e+03 2.023056772144742610e-01 1.000000000000000021e-03
9.018867924528301955e+03 2.045608453292622197e-01 1.000000000000000021e-03
9.019245283018868577e+03 2.016850185536240014e-01 1.000000000000000021e-03
9.019622641509433379e+03 2.034596048467796070e-01 1.000000000000000021e-03
9.020000000000000000e+03 2.007540835854060290e-01 1.000000000000000021e-03
