# time_delay	fit_example_1	fit_example_2	fit_example_3	fit_example_4
-2.00000000e+00 -1.35309035e-213 1.97884951e-221 8.36026814e-253 -2.11713848e-235
-1.90000000e+00 -5.48804746e-192 2.04718599e-199 3.16906924e-229 -1.12280236e-212
-1.80000000e+00 -1.52267572e-171 1.44862620e-178 8.21348502e-207 -4.07219749e-191
-1.70000000e+00 -2.89104558e-152 7.01392713e-159 1.45589157e-185 -1.01032799e-170
-1.60000000e+00 -3.75794422e-134 2.32461913e-140 1.76554601e-165 -1.71539913e-151
-1.50000000e+00 -3.34597174e-117 5.27647274e-123 1.46536659e-146 -1.99401949e-133
-1.40000000e+00 -2.04197044e-101 8.20727100e-107 8.32784264e-129 -1.58776621e-116
-1.30000000e+00 -8.54823113e-87 8.75465744e-92 3.24251173e-112 -8.66600777e-101
-1.20000000e+00 -2.45716914e-73 6.41013539e-78 8.65549499e-97 -3.24471294e-86
-1.10000000e+00 -4.85600098e-61 3.22548021e-65 1.58538327e-82 -8.34251957e-73
-1.00000000e+00 -6.60891158e-50 1.11708028e-53 1.99469621e-69 -1.47483742e-60
-9.50000000e-01 -8.94537411e-45 2.41132149e-48 2.59278962e-63 -7.18929186e-55
-9.00000000e-01 -6.20808082e-40 2.66820760e-43 1.72632319e-57 -1.79577882e-49
-8.50000000e-01 -2.20997017e-35 1.51404845e-38 5.88907186e-52 -2.29919775e-44
-8.00000000e-01 -4.03739162e-31 4.40765987e-34 1.02958990e-46 -1.50942562e-39
-7.50000000e-01 -3.78757316e-27 6.58651546e-30 9.22822358e-42 -5.08326864e-35
-7.00000000e-01 -1.82593581e-23 5.05549359e-26 4.24207294e-37 -8.78599227e-31
-6.50000000e-01 -4.52761805e-20 1.99469829e-22 1.00056834e-32 -7.79869618e-27
-6.00000000e-01 -5.78112637e-17 4.04974894e-19 1.21162392e-28 -3.55765688e-23
-5.50000000e-01 -3.80674240e-14 4.23607597e-16 7.53769665e-25 -8.34880268e-20
-5.00000000e-01 -1.29518335e-11 2.28661051e-13 2.41116205e-21 -1.00905986e-16
-4.50000000e-01 -2.28281396e-09 6.38335838e-11 3.97000900e-18 -6.29077722e-14
-4.00000000e-01 -2.09181089e-07 9.24278834e-09 3.36915652e-15 -2.02701148e-11
-3.50000000e-01 -1.00160328e-05 6.96984555e-07 1.47631602e-12 -3.38488274e-09
-3.00000000e-01 -2.52496097e-04 2.75336836e-05 3.34797484e-10 -2.94027427e-07
-2.50000000e-01 -3.39024481e-03 5.74859395e-04 3.94201014e-08 -1.33569780e-05
-2.00000000e-01 -2.47027371e-02 6.43178041e-03 2.42069678e-06 -3.19853158e-04
-1.50000000e-01 -1.00806218e-01 3.94507853e-02 7.80371247e-05 -4.08751169e-03
-1.00000000e-01 -2.43314074e-01 1.37920893e-01 1.33392650e-03 -2.84387909e-02
-5.00000000e-02 -3.80967554e-01 2.93975509e-01 1.22833247e-02 -1.11433444e-01
8.88178420e-16 -4.43729269e-01 4.26532713e-01 6.25609330e-02 -2.60781824e-01
5.00000000e-02 -4.46754196e-01 4.88898231e-01 1.84425915e-01 -4.02210102e-01
1.00000000e-01 -4.30112914e-01 5.08296975e-01 3.40267818e-01 -4.71184988e-01
1.50000000e-01 -4.10543644e-01 5.16103145e-01 4.44440607e-01 -4.85941338e-01
2.00000000e-01 -3.90995014e-01 5.22303414e-01 4.78824082e-01 -4.83696607e-01
2.50000000e-01 -3.71714295e-01 5.28311688e-01 4.81396540e-01 -4.78914511e-01
3.00000000e-01 -3.52708350e-01 5.34227085e-01 4.77276106e-01 -4.73998481e-01
3.50000000e-01 -3.33973567e-01 5.40054289e-01 4.72505836e-01 -4.69141073e-01
4.00000000e-01 -3.15506154e-01 5.45794597e-01 4.67761707e-01 -4.64349205e-01
4.50000000e-01 -2.97302369e-01 5.51449227e-01 4.63080496e-01 -4.59622124e-01
5.00000000e-01 -2.79358524e-01 5.57019379e-01 4.58462380e-01 -4.54958927e-01
5.50000000e-01 -2.61670981e-01 5.62506238e-01 4.53906491e-01 -4.50358720e-01
6.00000000e-01 -2.44236153e-01 5.67910971e-01 4.49411962e-01 -4.45820626e-01
6.50000000e-01 -2.27050505e-01 5.73234728e-01 4.44977936e-01 -4.41343776e-01
7.00000000e-01 -2.10110548e-01 5.78478644e-01 4.40603567e-01 -4.36927316e-01
7.50000000e-01 -1.93412846e-01 5.83643840e-01 4.36288024e-01 -4.32570401e-01
8.00000000e-01 -1.76954008e-01 5.88731417e-01 4.32030484e-01 -4.28272201e-01
8.50000000e-01 -1.60730690e-01 5.93742463e-01 4.27830138e-01 -4.24031896e-01
9.00000000e-01 -1.44739598e-01 5.98678053e-01 4.23686187e-01 -4.19848677e-01
9.50000000e-01 -1.28977481e-01 6.03539242e-01 4.19597844e-01 -4.15721748e-01
1.00000000e+00 -1.13441135e-01 6.08327074e-01 4.15564333e-01 -4.11650321e-01
2.00000000e+00 1.54432157e-01 6.90162283e-01 3.45304445e-01 -3.40759528e-01
3.00000000e+00 3.54690780e-01 7.50040487e-01 2.91479249e-01 -2.86504112e-01
4.00000000e+00 5.03948733e-01 7.93368687e-01 2.50063564e-01 -2.44809124e-01
5.00000000e+00 6.14741725e-01 8.24226495e-01 2.18020156e-01 -2.12599781e-01
6.00000000e+00 6.96528251e-01 8.45691964e-01 1.93057229e-01 -1.87555963e-01
7.00000000e+00 7.56444933e-01 8.60087436e-01 1.73445455e-01 -1.67926971e-01
8.00000000e+00 7.99876456e-01 8.69165041e-01 1.57879902e-01 -1.52391756e-01
9.00000000e+00 8.30885609e-01 8.74246665e-01 1.45375867e-01 -1.39953460e-01
1.00000000e+01 8.52537756e-01 8.76329562e-01 1.35190270e-01 -1.29859833e-01
2.00000000e+01 8.66663044e-01 8.33758367e-01 8.51008500e-02 -8.12010399e-02
3.00000000e+01 8.08166235e-01 7.71758396e-01 5.72499413e-02 -5.48363184e-02
4.00000000e+01 7.50499743e-01 7.13849283e-01 3.34059341e-02 -3.23295222e-02
5.00000000e+01 6.97583242e-01 6.60955266e-01 1.22219405e-02 -1.23361427e-02
6.00000000e+01 6.49221248e-01 6.12693789e-01 -6.61499412e-03 5.44338672e-03
7.00000000e+01 6.05011947e-01 5.68644712e-01 -2.33342273e-02 2.12256175e-02
8.00000000e+01 5.64577304e-01 5.28422455e-01 -3.81403882e-02 3.52035323e-02
9.00000000e+01 5.27573467e-01 4.91676896e-01 -5.12187353e-02 4.75518329e-02
1.00000000e+02 4.93688354e-01 4.58090325e-01 -6.27371429e-02 5.84288269e-02
2.00000000e+02 2.75287980e-01 2.43987306e-01 -1.19467564e-01 1.12062035e-01
3.00000000e+02 1.76106701e-01 1.49803643e-01 -1.22756038e-01 1.15274906e-01
4.00000000e+02 1.25053386e-01 1.03373949e-01 -1.09315454e-01 1.02691598e-01
5.00000000e+02 9.47252190e-02 7.70109217e-02 -9.23409904e-02 8.67587896e-02
6.00000000e+02 7.43036928e-02 5.98865521e-02 -7.62834861e-02 7.16767383e-02
7.00000000e+02 5.93147722e-02 4.76025093e-02 -6.23960580e-02 5.86297259e-02
8.00000000e+02 4.77510185e-02 3.82442046e-02 -5.08065190e-02 4.77404077e-02
9.00000000e+02 3.85954948e-02 3.08818675e-02 -4.12835332e-02 3.87923690e-02
1.00000000e+03 3.12538258e-02 2.49962934e-02 -3.35131640e-02 3.14909785e-02
1.10000000e+03 2.53307990e-02 2.02549258e-02 -2.71931613e-02 2.55523599e-02
1.20000000e+03 2.05386135e-02 1.64214195e-02 -2.20604177e-02 2.07293328e-02
1.30000000e+03 1.66561826e-02 1.33166635e-02 -1.78947584e-02 1.68150267e-02
1.40000000e+03 1.35088385e-02 1.08001264e-02 -1.45150476e-02 1.36392423e-02
