5.00000e+02 3.01233582e-03
5.01000e+02 2.56519419e-03
5.02000e+02 2.17509862e-03
5.03000e+02 1.83645183e-03
5.04000e+02 1.54391036e-03
5.05000e+02 1.29242899e-03
5.06000e+02 1.07729235e-03
5.07000e+02 8.94134978e-04
5.08000e+02 7.38951326e-04
5.09000e+02 6.08097021e-04
5.10000e+02 4.98282970e-04
5.11000e+02 4.06563610e-04
5.12000e+02 3.30320657e-04
5.13000e+02 2.67243538e-04
5.14000e+02 2.15307587e-04
5.15000e+02 1.72750953e-04
5.16000e+02 1.38051002e-04
5.17000e+02 1.09900908e-04
5.18000e+02 8.71869490e-05
5.19000e+02 6.89669424e-05
5.20000e+02 5.44501370e-05
5.21000e+02 4.29787833e-05
5.22000e+02 3.40115357e-05
5.23000e+02 2.71087726e-05
5.24000e+02 2.19198724e-05
5.25000e+02 1.81724488e-05
5.26000e+02 1.56635211e-05
5.27000e+02 1.42525813e-05
5.28000e+02 1.38565104e-05
5.29000e+02 1.44462935e-05
5.30000e+02 1.60454883e-05
5.31000e+02 1.87304008e-05
5.32000e+02 2.26319313e-05
5.33000e+02 2.79390533e-05
5.34000e+02 3.49038912e-05
5.35000e+02 4.38483576e-05
5.36000e+02 5.51723002e-05
5.37000e+02 6.93630939e-05
5.38000e+02 8.70065857e-05
5.39000e+02 1.08799269e-04
5.40000e+02 1.35561520e-04
5.41000e+02 1.68251667e-04
5.42000e+02 2.07980624e-04
5.43000e+02 2.56026713e-04
5.44000e+02 3.13850262e-04
5.45000e+02 3.83107445e-04
5.46000e+02 4.65662771e-04
5.47000e+02 5.63599527e-04
5.48000e+02 6.79227420e-04
5.49000e+02 8.15086569e-04
5.50000e+02 9.73946958e-04
5.51000e+02 1.15880244e-03
5.52000e+02 1.37285834e-03
5.53000e+02 1.61951180e-03
5.54000e+02 1.90232396e-03
5.55000e+02 2.22498332e-03
5.56000e+02 2.59125970e-03
5.57000e+02 3.00494834e-03
5.58000e+02 3.46980424e-03
5.59000e+02 3.98946666e-03
5.60000e+02 4.56737454e-03
5.61000e+02 5.20667363e-03
5.62000e+02 5.91011666e-03
5.63000e+02 6.67995834e-03
5.64000e+02 7.51784724e-03
5.65000e+02 8.42471720e-03
5.66000e+02 9.40068097e-03
5.67000e+02 1.04449296e-02
5.68000e+02 1.15556403e-02
5.69000e+02 1.27298978e-02
5.70000e+02 1.39636299e-02
5.71000e+02 1.52515646e-02
5.72000e+02 1.65872078e-02
5.73000e+02 1.79628479e-02
5.74000e+02 1.93695868e-02
5.75000e+02 2.07974005e-02
5.76000e+02 2.22352301e-02
5.77000e+02 2.36711019e-02
5.78000e+02 2.50922770e-02
5.79000e+02 2.64854277e-02
5.80000e+02 2.78368384e-02
5.81000e+02 2.91326262e-02
5.82000e+02 3.03589772e-02
5.83000e+02 3.15023942e-02
5.84000e+02 3.25499466e-02
5.85000e+02 3.34895205e-02
5.86000e+02 3.43100581e-02
5.87000e+02 3.50017835e-02
5.88000e+02 3.55564061e-02
5.89000e+02 3.59672965e-02
5.90000e+02 3.62296311e-02
5.91000e+02 3.63404984e-02
5.92000e+02 3.62989666e-02
5.93000e+02 3.61061080e-02
5.94000e+02 3.57649815e-02
5.95000e+02 3.52805718e-02
5.96000e+02 3.46596875e-02
5.97000e+02 3.39108221e-02
5.98000e+02 3.30439799e-02
5.99000e+02 3.20704731e-02
6.00000e+02 3.10026948e-02
6.01000e+02 2.98538752e-02
6.02000e+02 2.86378262e-02
6.03000e+02 2.73686821e-02
6.04000e+02 2.60606425e-02
6.05000e+02 2.47277234e-02
6.06000e+02 2.33835233e-02
6.07000e+02 2.20410080e-02
6.08000e+02 2.07123195e-02
6.09000e+02 1.94086117e-02
6.10000e+02 1.81399165e-02
6.11000e+02 1.69150401e-02
6.12000e+02 1.57414916e-02
6.13000e+02 1.46254435e-02
6.14000e+02 1.35717216e-02
6.15000e+02 1.25838243e-02
6.16000e+02 1.16639674e-02
6.17000e+02 1.08131519e-02
6.18000e+02 1.00312519e-02
6.19000e+02 9.31711810e-03
6.20000e+02 8.66869388e-03
6.21000e+02 8.08314022e-03
6.22000e+02 7.55696548e-03
6.23000e+02 7.08615692e-03
6.24000e+02 6.66631082e-03
6.25000e+02 6.29275827e-03
6.26000e+02 5.96068432e-03
6.27000e+02 5.66523834e-03
6.28000e+02 5.40163404e-03
6.29000e+02 5.16523786e-03
6.30000e+02 4.95164491e-03
6.31000e+02 4.75674209e-03
6.32000e+02 4.57675821e-03
6.33000e+02 4.40830128e-03
6.34000e+02 4.24838374e-03
6.35000e+02 4.09443601e-03
6.36000e+02 3.94430966e-03
6.37000e+02 3.79627115e-03
6.38000e+02 3.64898748e-03
6.39000e+02 3.50150508e-03
6.40000e+02 3.35322341e-03
6.41000e+02 3.20386463e-03
6.42000e+02 3.05344099e-03
6.43000e+02 2.90222113e-03
6.44000e+02 2.75069689e-03
6.45000e+02 2.59955184e-03
6.46000e+02 2.44963291e-03
6.47000e+02 2.30192613e-03
6.48000e+02 2.15753776e-03
6.49000e+02 2.01768166e-03
6.50000e+02 1.88367385e-03
6.51000e+02 1.75693510e-03
6.52000e+02 1.63900217e-03
6.53000e+02 1.53154833e-03
6.54000e+02 1.43641371e-03
6.55000e+02 1.35564576e-03
6.56000e+02 1.29155009e-03
6.57000e+02 1.24675192e-03
6.58000e+02 1.22426781e-03
6.59000e+02 1.22758775e-03
6.60000e+02 1.26076672e-03
6.61000e+02 1.32852531e-03
6.62000e+02 1.43635791e-03
6.63000e+02 1.59064728e-03
6.64000e+02 1.79878326e-03
6.65000e+02 2.06928338e-03
6.66000e+02 2.41191217e-03
6.67000e+02 2.83779580e-03
6.68000e+02 3.35952764e-03
6.69000e+02 3.99126009e-03
6.70000e+02 4.74877728e-03
6.71000e+02 5.64954267e-03
6.72000e+02 6.71271539e-03
6.73000e+02 7.95912852e-03
6.74000e+02 9.41122274e-03
6.75000e+02 1.10929286e-02
6.76000e+02 1.30294915e-02
6.77000e+02 1.52472327e-02
6.78000e+02 1.77732439e-02
6.79000e+02 2.06350095e-02
6.80000e+02 2.38599566e-02
6.81000e+02 2.74749337e-02
6.82000e+02 3.15056188e-02
6.83000e+02 3.59758645e-02
6.84000e+02 4.09069875e-02
6.85000e+02 4.63170142e-02
6.86000e+02 5.22198959e-02
6.87000e+02 5.86247123e-02
6.88000e+02 6.55348823e-02
6.89000e+02 7.29474050e-02
6.90000e+02 8.08521546e-02
6.91000e+02 8.92312548e-02
6.92000e+02 9.80585593e-02
6.93000e+02 1.07299262e-01
6.94000e+02 1.16909663e-01
6.95000e+02 1.26837109e-01
6.96000e+02 1.37020131e-01
6.97000e+02 1.47388786e-01
6.98000e+02 1.57865220e-01
6.99000e+02 1.68364445e-01
7.00000e+02 1.78795333e-01
7.01000e+02 1.89061814e-01
7.02000e+02 1.99064260e-01
7.03000e+02 2.08701026e-01
7.04000e+02 2.17870127e-01
7.05000e+02 2.26470998e-01
7.06000e+02 2.34406311e-01
7.07000e+02 2.41583798e-01
7.08000e+02 2.47918025e-01
7.09000e+02 2.53332085e-01
7.10000e+02 2.57759145e-01
7.11000e+02 2.61143824e-01
7.12000e+02 2.63443343e-01
7.13000e+02 2.64628423e-01
7.14000e+02 2.64683909e-01
7.15000e+02 2.63609090e-01
7.16000e+02 2.61417714e-01
7.17000e+02 2.58137700e-01
7.18000e+02 2.53810537e-01
7.19000e+02 2.48490420e-01
7.20000e+02 2.42243116e-01
7.21000e+02 2.35144610e-01
7.22000e+02 2.27279571e-01
7.23000e+02 2.18739677e-01
7.24000e+02 2.09621836e-01
7.25000e+02 2.00026376e-01
7.26000e+02 1.90055220e-01
7.27000e+02 1.79810119e-01
7.28000e+02 1.69390967e-01
7.29000e+02 1.58894240e-01
7.30000e+02 1.48411603e-01
7.31000e+02 1.38028685e-01
7.32000e+02 1.27824069e-01
7.33000e+02 1.17868490e-01
7.34000e+02 1.08224254e-01
7.35000e+02 9.89448695e-02
7.36000e+02 9.00748946e-02
7.37000e+02 8.16499746e-02
7.38000e+02 7.36970596e-02
7.39000e+02 6.62347791e-02
7.40000e+02 5.92739491e-02
7.41000e+02 5.28181871e-02
7.42000e+02 4.68646095e-02
7.43000e+02 4.14045849e-02
7.44000e+02 3.64245201e-02
7.45000e+02 3.19066554e-02
7.46000e+02 2.78298498e-02
7.47000e+02 2.41703375e-02
7.48000e+02 2.09024419e-02
7.49000e+02 1.79992352e-02
7.50000e+02 1.54331351e-02
7.51000e+02 1.31764323e-02
7.52000e+02 1.12017476e-02
7.53000e+02 9.48241487e-03
7.54000e+02 7.99279508e-03
7.55000e+02 6.70852138e-03
7.56000e+02 5.60668170e-03
7.57000e+02 4.66594391e-03
7.58000e+02 3.86662966e-03
7.59000e+02 3.19074381e-03
7.60000e+02 2.62196615e-03
7.61000e+02 2.14561199e-03
7.62000e+02 1.74856801e-03
7.63000e+02 1.41920933e-03
7.64000e+02 1.14730300e-03
7.65000e+02 9.23902818e-04
7.66000e+02 7.41239397e-04
7.67000e+02 5.92609044e-04
7.68000e+02 4.72264187e-04
7.69000e+02 3.75307586e-04
7.70000e+02 2.97592017e-04
7.71000e+02 2.35626611e-04
7.72000e+02 1.86490630e-04
7.73000e+02 1.47755122e-04
7.74000e+02 1.17412584e-04
7.75000e+02 9.38145678e-05
7.76000e+02 7.56169667e-05
7.77000e+02 6.17326287e-05
7.78000e+02 5.12908494e-05
7.79000e+02 4.36032724e-05
7.80000e+02 3.81357194e-05
7.81000e+02 3.44854945e-05
7.82000e+02 3.23637534e-05
7.83000e+02 3.15825874e-05
7.84000e+02 3.20465461e-05
7.85000e+02 3.37484036e-05
7.86000e+02 3.67690624e-05
7.87000e+02 4.12815746e-05
7.88000e+02 4.75593547e-05
7.89000e+02 5.59887404e-05
7.90000e+02 6.70861389e-05
7.91000e+02 8.15200703e-05
7.92000e+02 1.00138473e-04
7.93000e+02 1.24001680e-04
7.94000e+02 1.54421500e-04
7.95000e+02 1.93006820e-04
7.96000e+02 2.41716116e-04
7.97000e+02 3.02917195e-04
7.98000e+02 3.79454338e-04
7.99000e+02 4.74722893e-04
8.00000e+02 5.92751108e-04
8.01000e+02 7.38288735e-04
8.02000e+02 9.16901594e-04
8.03000e+02 1.13507087e-03
8.04000e+02 1.40029551e-03
8.05000e+02 1.72119543e-03
8.06000e+02 2.10761295e-03
8.07000e+02 2.57070894e-03
8.08000e+02 3.12304987e-03
8.09000e+02 3.77868112e-03
8.10000e+02 4.55318160e-03
8.11000e+02 5.46369388e-03
8.12000e+02 6.52892406e-03
8.13000e+02 7.76910510e-03
8.14000e+02 9.20591722e-03
8.15000e+02 1.08623595e-02
8.16000e+02 1.27625666e-02
8.17000e+02 1.49315662e-02
8.18000e+02 1.73949727e-02
8.19000e+02 2.01786147e-02
8.20000e+02 2.33080954e-02
8.21000e+02 2.68082874e-02
8.22000e+02 3.07027645e-02
8.23000e+02 3.50131776e-02
8.24000e+02 3.97585818e-02
8.25000e+02 4.49547280e-02
8.26000e+02 5.06133318e-02
8.27000e+02 5.67413374e-02
8.28000e+02 6.33401962e-02
8.29000e+02 7.04051796e-02
8.30000e+02 7.79247518e-02
8.31000e+02 8.58800237e-02
8.32000e+02 9.42443129e-02
8.33000e+02 1.02982833e-01
8.34000e+02 1.12052534e-01
8.35000e+02 1.21402110e-01
8.36000e+02 1.30972191e-01
8.37000e+02 1.40695738e-01
8.38000e+02 1.50498627e-01
8.39000e+02 1.60300442e-01
8.40000e+02 1.70015463e-01
8.41000e+02 1.79553835e-01
8.42000e+02 1.88822897e-01
8.43000e+02 1.97728653e-01
8.44000e+02 2.06177350e-01
8.45000e+02 2.14077121e-01
8.46000e+02 2.21339663e-01
8.47000e+02 2.27881902e-01
8.48000e+02 2.33627601e-01
8.49000e+02 2.38508868e-01
8.50000e+02 2.42467524e-01
8.51000e+02 2.45456291e-01
8.52000e+02 2.47439757e-01
8.53000e+02 2.48395108e-01
8.54000e+02 2.48312591e-01
8.55000e+02 2.47195697e-01
8.56000e+02 2.45061067e-01
8.57000e+02 2.41938106e-01
8.58000e+02 2.37868345e-01
8.59000e+02 2.32904542e-01
8.60000e+02 2.27109567e-01
8.61000e+02 2.20555095e-01
8.62000e+02 2.13320155e-01
8.63000e+02 2.05489563e-01
8.64000e+02 1.97152293e-01
8.65000e+02 1.88399826e-01
8.66000e+02 1.79324521e-01
8.67000e+02 1.70018047e-01
8.68000e+02 1.60569917e-01
8.69000e+02 1.51066146e-01
8.70000e+02 1.41588072e-01
8.71000e+02 1.32211357e-01
8.72000e+02 1.23005165e-01
8.73000e+02 1.14031556e-01
8.74000e+02 1.05345064e-01
8.75000e+02 9.69924765e-02
8.76000e+02 8.90127897e-02
8.77000e+02 8.14373360e-02
8.78000e+02 7.42900561e-02
8.79000e+02 6.75878989e-02
8.80000e+02 6.13413228e-02
8.81000e+02 5.55548756e-02
8.82000e+02 5.02278287e-02
8.83000e+02 4.53548415e-02
8.84000e+02 4.09266345e-02
8.85000e+02 3.69306515e-02
8.86000e+02 3.33516941e-02
8.87000e+02 3.01725133e-02
8.88000e+02 2.73743487e-02
8.89000e+02 2.49374054e-02
8.90000e+02 2.28412655e-02
8.91000e+02 2.10652304e-02
8.92000e+02 1.95885955e-02
8.93000e+02 1.83908595e-02
8.94000e+02 1.74518730e-02
8.95000e+02 1.67519331e-02
8.96000e+02 1.62718311e-02
8.97000e+02 1.59928618e-02
8.98000e+02 1.58968023e-02
8.99000e+02 1.59658706e-02
9.00000e+02 1.61826709e-02
9.01000e+02 1.65301350e-02
9.02000e+02 1.69914654e-02
9.03000e+02 1.75500891e-02
9.04000e+02 1.81896243e-02
9.05000e+02 1.88938661e-02
9.06000e+02 1.96467939e-02
9.07000e+02 2.04326007e-02
9.08000e+02 2.12357466e-02
9.09000e+02 2.20410336e-02
9.10000e+02 2.28337010e-02
9.11000e+02 2.35995383e-02
9.12000e+02 2.43250109e-02
9.13000e+02 2.49973957e-02
9.14000e+02 2.56049195e-02
9.15000e+02 2.61368972e-02
9.16000e+02 2.65838637e-02
9.17000e+02 2.69376931e-02
9.18000e+02 2.71917032e-02
9.19000e+02 2.73407383e-02
9.20000e+02 2.73812283e-02
9.21000e+02 2.73112212e-02
9.22000e+02 2.71303868e-02
9.23000e+02 2.68399903e-02
9.24000e+02 2.64428374e-02
9.25000e+02 2.59431899e-02
9.26000e+02 2.53466557e-02
9.27000e+02 2.46600549e-02
9.28000e+02 2.38912654e-02
9.29000e+02 2.30490531e-02
9.30000e+02 2.21428907e-02
9.31000e+02 2.11827692e-02
9.32000e+02 2.01790084e-02
9.33000e+02 1.91420700e-02
9.34000e+02 1.80823784e-02
9.35000e+02 1.70101528e-02
9.36000e+02 1.59352552e-02
9.37000e+02 1.48670563e-02
9.38000e+02 1.38143219e-02
9.39000e+02 1.27851214e-02
9.40000e+02 1.17867598e-02
9.41000e+02 1.08257321e-02
9.42000e+02 9.90770011e-03
9.43000e+02 9.03749134e-03
9.44000e+02 8.21911628e-03
9.45000e+02 7.45580349e-03
9.46000e+02 6.75004903e-03
9.47000e+02 6.10367768e-03
9.48000e+02 5.51791277e-03
9.49000e+02 4.99345173e-03
9.50000e+02 4.53054413e-03
9.51000e+02 4.12906951e-03
9.52000e+02 3.78861220e-03
9.53000e+02 3.50853076e-03
9.54000e+02 3.28801992e-03
9.55000e+02 3.12616338e-03
9.56000e+02 3.02197605e-03
9.57000e+02 2.97443482e-03
9.58000e+02 2.98249741e-03
9.59000e+02 3.04510919e-03
9.60000e+02 3.16119819e-03
9.61000e+02 3.32965916e-03
9.62000e+02 3.54932763e-03
9.63000e+02 3.81894528e-03
9.64000e+02 4.13711853e-03
9.65000e+02 4.50227200e-03
9.66000e+02 4.91259909e-03
9.67000e+02 5.36601190e-03
9.68000e+02 5.86009281e-03
9.69000e+02 6.39205004e-03
9.70000e+02 6.95867941e-03
9.71000e+02 7.55633456e-03
9.72000e+02 8.18090747e-03
9.73000e+02 8.82782106e-03
9.74000e+02 9.49203504e-03
9.75000e+02 1.01680662e-02
9.76000e+02 1.08500236e-02
9.77000e+02 1.15316582e-02
9.78000e+02 1.22064278e-02
9.79000e+02 1.28675746e-02
9.80000e+02 1.35082154e-02
9.81000e+02 1.41214416e-02
9.82000e+02 1.47004272e-02
9.83000e+02 1.52385418e-02
9.84000e+02 1.57294662e-02
9.85000e+02 1.61673066e-02
9.86000e+02 1.65467050e-02
9.87000e+02 1.68629420e-02
9.88000e+02 1.71120296e-02
9.89000e+02 1.72907912e-02
9.90000e+02 1.73969250e-02
9.91000e+02 1.74290513e-02
9.92000e+02 1.73867399e-02
9.93000e+02 1.72705178e-02
9.94000e+02 1.70818575e-02
9.95000e+02 1.68231442e-02
9.96000e+02 1.64976253e-02
9.97000e+02 1.61093417e-02
9.98000e+02 1.56630438e-02
9.99000e+02 1.51640946e-02
1.00000e+03 1.46183622e-02
1.00100e+03 1.40321052e-02
1.00200e+03 1.34118535e-02
1.00300e+03 1.27642884e-02
1.00400e+03 1.20961243e-02
1.00500e+03 1.14139953e-02
1.00600e+03 1.07243493e-02
1.00700e+03 1.00333512e-02
1.00800e+03 9.34679851e-03
1.00900e+03 8.67004885e-03
1.01000e+03 8.00796200e-03
1.01100e+03 7.36485596e-03
1.01200e+03 6.74447742e-03
1.01300e+03 6.14998625e-03
1.01400e+03 5.58395328e-03
1.01500e+03 5.04837026e-03
1.01600e+03 4.54467063e-03
1.01700e+03 4.07375980e-03
1.01800e+03 3.63605308e-03
1.01900e+03 3.23151964e-03
1.02000e+03 2.85973096e-03
1.02100e+03 2.51991182e-03
1.02200e+03 2.21099266e-03
1.02300e+03 1.93166161e-03
1.02400e+03 1.68041515e-03
1.02500e+03 1.45560627e-03
1.02600e+03 1.25548936e-03
1.02700e+03 1.07826112e-03
1.02800e+03 9.22097087e-04
1.02900e+03 7.85183467e-04
1.03000e+03 6.65744274e-04
1.03100e+03 5.62063695e-04
1.03200e+03 4.72503944e-04
1.03300e+03 3.95518832e-04
1.03400e+03 3.29663411e-04
1.03500e+03 2.73600085e-04
1.03600e+03 2.26101631e-04
1.03700e+03 1.86051553e-04
1.03800e+03 1.52442238e-04
1.03900e+03 1.24371314e-04
1.04000e+03 1.01036636e-04
1.04100e+03 8.17302485e-05
1.04200e+03 6.58316536e-05
1.04300e+03 5.28006858e-05
1.04400e+03 4.21702186e-05
1.04500e+03 3.35389149e-05
1.04600e+03 2.65641793e-05
1.04700e+03 2.09554389e-05
1.04800e+03 1.64678433e-05
1.04900e+03 1.28964501e-05
1.05000e+03 1.00709329e-05
1.05100e+03 7.85083441e-06
1.05200e+03 6.12136831e-06
1.05300e+03 4.78976260e-06
1.05400e+03 3.78213111e-06
1.05500e+03 3.04085315e-06
1.05600e+03 2.52244076e-06
1.05700e+03 2.19587321e-06
1.05800e+03 2.04138109e-06
1.05900e+03 2.04966680e-06
1.06000e+03 2.22155324e-06
1.06100e+03 2.56805946e-06
1.06200e+03 3.11090836e-06
1.06300e+03 3.88347907e-06
1.06400e+03 4.93222341e-06
1.06500e+03 6.31857226e-06
1.06600e+03 8.12136362e-06
1.06700e+03 1.04398282e-05
1.06800e+03 1.33971715e-05
1.06900e+03 1.71447914e-05
1.07000e+03 2.18671691e-05
1.07100e+03 2.77874650e-05
1.07200e+03 3.51738431e-05
1.07300e+03 4.43465340e-05
1.07400e+03 5.56856288e-05
1.07500e+03 6.96395731e-05
1.07600e+03 8.67343028e-05
1.07700e+03 1.07582928e-04
1.07800e+03 1.32895833e-04
1.07900e+03 1.63491017e-04
1.08000e+03 2.00304447e-04
1.08100e+03 2.44400142e-04
1.08200e+03 2.96979668e-04
1.08300e+03 3.59390631e-04
1.08400e+03 4.33133750e-04
1.08500e+03 5.19867998e-04
1.08600e+03 6.21413289e-04
1.08700e+03 7.39750140e-04
1.08800e+03 8.77015724e-04
1.08900e+03 1.03549573e-03
1.09000e+03 1.21761148e-03
1.09100e+03 1.42590175e-03
1.09200e+03 1.66299893e-03
1.09300e+03 1.93159902e-03
1.09400e+03 2.23442548e-03
1.09500e+03 2.57418666e-03
1.09600e+03 2.95352703e-03
1.09700e+03 3.37497263e-03
1.09800e+03 3.84087111e-03
1.09900e+03 4.35332747e-03
1.10000e+03 4.91413625e-03
1.10100e+03 5.52471178e-03
1.10200e+03 6.18601782e-03
1.10300e+03 6.89849852e-03
1.10400e+03 7.66201253e-03
1.10500e+03 8.47577236e-03
1.10600e+03 9.33829111e-03
1.10700e+03 1.02473387e-02
1.10800e+03 1.11999097e-02
1.10900e+03 1.21922045e-02
1.11000e+03 1.32196259e-02
1.11100e+03 1.42767914e-02
1.11200e+03 1.53575641e-02
1.11300e+03 1.64551003e-02
1.11400e+03 1.75619159e-02
1.11500e+03 1.86699695e-02
1.11600e+03 1.97707625e-02
1.11700e+03 2.08554532e-02
1.11800e+03 2.19149834e-02
1.11900e+03 2.29402152e-02
1.12000e+03 2.39220745e-02
1.12100e+03 2.48516971e-02
1.12200e+03 2.57205755e-02
1.12300e+03 2.65207011e-02
1.12400e+03 2.72446994e-02
1.12500e+03 2.78859536e-02
1.12600e+03 2.84387144e-02
1.12700e+03 2.88981921e-02
1.12800e+03 2.92606301e-02
1.12900e+03 2.95233568e-02
1.13000e+03 2.96848149e-02
1.13100e+03 2.97445696e-02
1.13200e+03 2.97032924e-02
1.13300e+03 2.95627251e-02
1.13400e+03 2.93256234e-02
1.13500e+03 2.89956827e-02
1.13600e+03 2.85774486e-02
1.13700e+03 2.80762153e-02
1.13800e+03 2.74979148e-02
1.13900e+03 2.68489998e-02
1.14000e+03 2.61363244e-02
1.14100e+03 2.53670246e-02
1.14200e+03 2.45484021e-02
1.14300e+03 2.36878143e-02
1.14400e+03 2.27925718e-02
1.14500e+03 2.18698455e-02
1.14600e+03 2.09265851e-02
1.14700e+03 1.99694491e-02
1.14800e+03 1.90047464e-02
1.14900e+03 1.80383914e-02
1.15000e+03 1.70758694e-02
1.15100e+03 1.61222132e-02
1.15200e+03 1.51819909e-02
1.15300e+03 1.42593006e-02
1.15400e+03 1.33577746e-02
1.15500e+03 1.24805888e-02
1.15600e+03 1.16304773e-02
1.15700e+03 1.08097516e-02
1.15800e+03 1.00203216e-02
1.15900e+03 9.26371932e-03
1.16000e+03 8.54112292e-03
1.16100e+03 7.85338183e-03
1.16200e+03 7.20104123e-03
1.16300e+03 6.58436644e-03
1.16400e+03 6.00336647e-03
1.16500e+03 5.45781703e-03
1.16600e+03 4.94728256e-03
1.16700e+03 4.47113776e-03
1.16800e+03 4.02858827e-03
1.16900e+03 3.61869098e-03
1.17000e+03 3.24037375e-03
1.17100e+03 2.89245484e-03
1.17200e+03 2.57366203e-03
1.17300e+03 2.28265144e-03
1.17400e+03 2.01802608e-03
1.17500e+03 1.77835420e-03
1.17600e+03 1.56218723e-03
1.17700e+03 1.36807749e-03
1.17800e+03 1.19459537e-03
1.17900e+03 1.04034615e-03
1.18000e+03 9.03986322e-04
1.18100e+03 7.84239386e-04
1.18200e+03 6.79911146e-04
1.18300e+03 5.89904529e-04
1.18400e+03 5.13233951e-04
1.18500e+03 4.49039299e-04
1.18600e+03 3.96599595e-04
1.18700e+03 3.55346413e-04
1.18800e+03 3.24877119e-04
1.18900e+03 3.04967975e-04
1.19000e+03 2.95587133e-04
1.19100e+03 2.96907467e-04
1.19200e+03 3.09319182e-04
1.19300e+03 3.33442017e-04
1.19400e+03 3.70136802e-04
1.19500e+03 4.20516046e-04
1.19600e+03 4.85953105e-04
1.19700e+03 5.68089406e-04
1.19800e+03 6.68839095e-04
1.19900e+03 7.90390377e-04
1.20000e+03 9.35202761e-04
1.20100e+03 1.10599935e-03
1.20200e+03 1.30575327e-03
1.20300e+03 1.53766737e-03
1.20400e+03 1.80514634e-03
1.20500e+03 2.11176045e-03
1.20600e+03 2.46120028e-03
1.20700e+03 2.85722203e-03
1.20800e+03 3.30358306e-03
1.20900e+03 3.80396780e-03
1.21000e+03 4.36190444e-03
1.21100e+03 4.98067292e-03
1.21200e+03 5.66320568e-03
1.21300e+03 6.41198245e-03
1.21400e+03 7.22892114e-03
1.21500e+03 8.11526730e-03
1.21600e+03 9.07148475e-03
1.21700e+03 1.00971506e-02
1.21800e+03 1.11908579e-02
1.21900e+03 1.23501295e-02
1.22000e+03 1.35713467e-02
1.22100e+03 1.48496962e-02
1.22200e+03 1.61791384e-02
1.22300e+03 1.75524006e-02
1.22400e+03 1.89609973e-02
1.22500e+03 2.03952791e-02
1.22600e+03 2.18445120e-02
1.22700e+03 2.32969878e-02
1.22800e+03 2.47401637e-02
1.22900e+03 2.61608306e-02
1.23000e+03 2.75453081e-02
1.23100e+03 2.88796610e-02
1.23200e+03 3.01499352e-02
1.23300e+03 3.13424058e-02
1.23400e+03 3.24438336e-02
1.23500e+03 3.34417221e-02
1.23600e+03 3.43245692e-02
1.23700e+03 3.50821072e-02
1.23800e+03 3.57055246e-02
1.23900e+03 3.61876621e-02
1.24000e+03 3.65231803e-02
1.24100e+03 3.67086905e-02
1.24200e+03 3.67428483e-02
1.24300e+03 3.66264049e-02
1.24400e+03 3.63622154e-02
1.24500e+03 3.59552031e-02
1.24600e+03 3.54122825e-02
1.24700e+03 3.47422396e-02
1.24800e+03 3.39555767e-02
1.24900e+03 3.30643221e-02
1.25000e+03 3.20818123e-02
1.25100e+03 3.10224507e-02
1.25200e+03 2.99014494e-02
1.25300e+03 2.87345600e-02
1.25400e+03 2.75378003e-02
1.25500e+03 2.63271817e-02
1.25600e+03 2.51184445e-02
1.25700e+03 2.39268052e-02
1.25800e+03 2.27667212e-02
1.25900e+03 2.16516761e-02
1.26000e+03 2.05939896e-02
1.26100e+03 1.96046543e-02
1.26200e+03 1.86932001e-02
1.26300e+03 1.78675890e-02
1.26400e+03 1.71341393e-02
1.26500e+03 1.64974788e-02
1.26600e+03 1.59605278e-02
1.26700e+03 1.55245090e-02
1.26800e+03 1.51889842e-02
1.26900e+03 1.49519155e-02
1.27000e+03 1.48097486e-02
1.27100e+03 1.47575178e-02
1.27200e+03 1.47889686e-02
1.27300e+03 1.48966973e-02
1.27400e+03 1.50723046e-02
1.27500e+03 1.53065610e-02
1.27600e+03 1.55895818e-02
1.27700e+03 1.59110090e-02
1.27800e+03 1.62601981e-02
1.27900e+03 1.66264061e-02
1.28000e+03 1.69989798e-02
1.28100e+03 1.73675393e-02
1.28200e+03 1.77221564e-02
1.28300e+03 1.80535224e-02
1.28400e+03 1.83531050e-02
1.28500e+03 1.86132899e-02
1.28600e+03 1.88275050e-02
1.28700e+03 1.89903255e-02
1.28800e+03 1.90975562e-02
1.28900e+03 1.91462919e-02
1.29000e+03 1.91349517e-02
1.29100e+03 1.90632892e-02
1.29200e+03 1.89323761e-02
1.29300e+03 1.87445612e-02
1.29400e+03 1.85034043e-02
1.29500e+03 1.82135875e-02
1.29600e+03 1.78808048e-02
1.29700e+03 1.75116333e-02
1.29800e+03 1.71133880e-02
1.29900e+03 1.66939628e-02
1.30000e+03 1.62616632e-02
1.30100e+03 1.58250310e-02
1.30200e+03 1.53926670e-02
1.30300e+03 1.49730546e-02
1.30400e+03 1.45743871e-02
1.30500e+03 1.42044026e-02
1.30600e+03 1.38702296e-02
1.30700e+03 1.35782460e-02
1.30800e+03 1.33339540e-02
1.30900e+03 1.31418731e-02
1.31000e+03 1.30054530e-02
1.31100e+03 1.29270079e-02
1.31200e+03 1.29076736e-02
1.31300e+03 1.29473868e-02
1.31400e+03 1.30448886e-02
1.31500e+03 1.31977502e-02
1.31600e+03 1.34024223e-02
1.31700e+03 1.36543048e-02
1.31800e+03 1.39478376e-02
1.31900e+03 1.42766096e-02
1.32000e+03 1.46334841e-02
1.32100e+03 1.50107381e-02
1.32200e+03 1.54002132e-02
1.32300e+03 1.57934743e-02
1.32400e+03 1.61819737e-02
1.32500e+03 1.65572168e-02
1.32600e+03 1.69109260e-02
1.32700e+03 1.72351989e-02
1.32800e+03 1.75226590e-02
1.32900e+03 1.77665929e-02
1.33000e+03 1.79610737e-02
1.33100e+03 1.81010661e-02
1.33200e+03 1.81825116e-02
1.33300e+03 1.82023919e-02
1.33400e+03 1.81587694e-02
1.33500e+03 1.80508031e-02
1.33600e+03 1.78787416e-02
1.33700e+03 1.76438921e-02
1.33800e+03 1.73485668e-02
1.33900e+03 1.69960100e-02
1.34000e+03 1.65903055e-02
1.34100e+03 1.61362693e-02
1.34200e+03 1.56393291e-02
1.34300e+03 1.51053956e-02
1.34400e+03 1.45407268e-02
1.34500e+03 1.39517908e-02
1.34600e+03 1.33451299e-02
1.34700e+03 1.27272294e-02
1.34800e+03 1.21043933e-02
1.34900e+03 1.14826316e-02
1.35000e+03 1.08675593e-02
1.35100e+03 1.02643109e-02
1.35200e+03 9.67746984e-03
1.35300e+03 9.11101561e-03
1.35400e+03 8.56828768e-03
1.35500e+03 8.05196639e-03
1.35600e+03 7.56407028e-03
1.35700e+03 7.10596879e-03
1.35800e+03 6.67840892e-03
1.35900e+03 6.28155426e-03
1.36000e+03 5.91503443e-03
1.36100e+03 5.57800294e-03
1.36200e+03 5.26920132e-03
1.36300e+03 4.98702753e-03
1.36400e+03 4.72960632e-03
1.36500e+03 4.49485998e-03
1.36600e+03 4.28057721e-03
1.36700e+03 4.08447901e-03
1.36800e+03 3.90427978e-03
1.36900e+03 3.73774280e-03
1.37000e+03 3.58272912e-03
1.37100e+03 3.43723929e-03
1.37200e+03 3.29944754e-03
1.37300e+03 3.16772836e-03
1.37400e+03 3.04067570e-03
1.37500e+03 2.91711487e-03
1.37600e+03 2.79610800e-03
1.37700e+03 2.67695339e-03
1.37800e+03 2.55917973e-03
1.37900e+03 2.44253594e-03
1.38000e+03 2.32697758e-03
1.38100e+03 2.21265062e-03
1.38200e+03 2.09987361e-03
1.38300e+03 1.98911891e-03
1.38400e+03 1.88099390e-03
1.38500e+03 1.77622275e-03
1.38600e+03 1.67562926e-03
1.38700e+03 1.58012138e-03
1.38800e+03 1.49067754e-03
1.38900e+03 1.40833495e-03
1.39000e+03 1.33418010e-03
1.39100e+03 1.26934107e-03
1.39200e+03 1.21498164e-03
1.39300e+03 1.17229671e-03
1.39400e+03 1.14250876e-03
1.39500e+03 1.12686453e-03
1.39600e+03 1.12663177e-03
1.39700e+03 1.14309499e-03
1.39800e+03 1.17755001e-03
1.39900e+03 1.23129644e-03
1.40000e+03 1.30562766e-03
1.40100e+03 1.40181789e-03
1.40200e+03 1.52110582e-03
1.40300e+03 1.66467473e-03
1.40400e+03 1.83362902e-03
1.40500e+03 2.02896701e-03
1.40600e+03 2.25155059e-03
1.40700e+03 2.50207189e-03
1.40800e+03 2.78101783e-03
1.40900e+03 3.08863318e-03
1.41000e+03 3.42488321e-03
1.41100e+03 3.78941717e-03
1.41200e+03 4.18153359e-03
1.41300e+03 4.60014903e-03
1.41400e+03 5.04377142e-03
1.41500e+03 5.51047960e-03
1.41600e+03 5.99791008e-03
1.41700e+03 6.50325255e-03
1.41800e+03 7.02325485e-03
1.41900e+03 7.55423848e-03
1.42000e+03 8.09212498e-03
1.42100e+03 8.63247351e-03
1.42200e+03 9.17052956e-03
1.42300e+03 9.70128417e-03
1.42400e+03 1.02195430e-02
1.42500e+03 1.07200037e-02
1.42600e+03 1.11973408e-02
1.42700e+03 1.16462949e-02
1.42800e+03 1.20617659e-02
1.42900e+03 1.24389058e-02
1.43000e+03 1.27732112e-02
1.43100e+03 1.30606098e-02
1.43200e+03 1.32975422e-02
1.43300e+03 1.34810335e-02
1.43400e+03 1.36087545e-02
1.43500e+03 1.36790698e-02
1.43600e+03 1.36910719e-02
1.43700e+03 1.36446003e-02
1.43800e+03 1.35402443e-02
1.43900e+03 1.33793301e-02
1.44000e+03 1.31638927e-02
1.44100e+03 1.28966325e-02
1.44200e+03 1.25808587e-02
1.44300e+03 1.22204215e-02
1.44400e+03 1.18196332e-02
1.44500e+03 1.13831829e-02
1.44600e+03 1.09160453e-02
1.44700e+03 1.04233869e-02
1.44800e+03 9.91047187e-03
1.44900e+03 9.38256974e-03
1.45000e+03 8.84486774e-03
1.45100e+03 8.30238909e-03
1.45200e+03 7.75991932e-03
1.45300e+03 7.22194190e-03
1.45400e+03 6.69258428e-03
1.45500e+03 6.17557494e-03
1.45600e+03 5.67421179e-03
1.45700e+03 5.19134193e-03
1.45800e+03 4.72935237e-03
1.45900e+03 4.29017114e-03
1.46000e+03 3.87527789e-03
1.46100e+03 3.48572294e-03
1.46200e+03 3.12215364e-03
1.46300e+03 2.78484672e-03
1.46400e+03 2.47374534e-03
1.46500e+03 2.18849966e-03
1.46600e+03 1.92850948e-03
1.46700e+03 1.69296812e-03
1.46800e+03 1.48090619e-03
1.46900e+03 1.29123461e-03
1.47000e+03 1.12278604e-03
1.47100e+03 9.74354091e-04
1.47200e+03 8.44729970e-04
1.47300e+03 7.32736140e-04
1.47400e+03 6.37256911e-04
1.47500e+03 5.57265826e-04
1.47600e+03 4.91849855e-04
1.47700e+03 4.40230484e-04
1.47800e+03 4.01781787e-04
1.47900e+03 3.76045607e-04
1.48000e+03 3.62743970e-04
1.48100e+03 3.61788807e-04
1.48200e+03 3.73289052e-04
1.48300e+03 3.97555101e-04
1.48400e+03 4.35100569e-04
1.48500e+03 4.86641231e-04
1.48600e+03 5.53090940e-04
1.48700e+03 6.35554299e-04
1.48800e+03 7.35315778e-04
1.48900e+03 8.53824986e-04
1.49000e+03 9.92677749e-04
1.49100e+03 1.15359272e-03
1.49200e+03 1.33838327e-03
1.49300e+03 1.54892438e-03
1.49400e+03 1.78711466e-03
1.49500e+03 2.05483330e-03
1.49600e+03 2.35389240e-03
1.49700e+03 2.68598489e-03
1.49800e+03 3.05262878e-03
1.49900e+03 3.45510854e-03
1.50000e+03 3.89441458e-03
1.50100e+03 4.37118215e-03
1.50200e+03 4.88563118e-03
1.50300e+03 5.43750852e-03
1.50400e+03 6.02603458e-03
1.50500e+03 6.64985598e-03
1.50600e+03 7.30700634e-03
1.50700e+03 7.99487694e-03
1.50800e+03 8.71019898e-03
1.50900e+03 9.44903913e-03
1.51000e+03 1.02068096e-02
1.51100e+03 1.09782937e-02
1.51200e+03 1.17576879e-02
1.51300e+03 1.25386595e-02
1.51400e+03 1.33144211e-02
1.51500e+03 1.40778198e-02
1.51600e+03 1.48214399e-02
1.51700e+03 1.55377184e-02
1.51800e+03 1.62190694e-02
1.51900e+03 1.68580150e-02
1.52000e+03 1.74473209e-02
1.52100e+03 1.79801317e-02
1.52200e+03 1.84501026e-02
1.52300e+03 1.88515256e-02
1.52400e+03 1.91794440e-02
1.52500e+03 1.94297548e-02
1.52600e+03 1.95992938e-02
1.52700e+03 1.96859021e-02
1.52800e+03 1.96884722e-02
1.52900e+03 1.96069713e-02
1.53000e+03 1.94424422e-02
1.53100e+03 1.91969808e-02
1.53200e+03 1.88736922e-02
1.53300e+03 1.84766248e-02
1.53400e+03 1.80106865e-02
1.53500e+03 1.74815437e-02
1.53600e+03 1.68955067e-02
1.53700e+03 1.62594052e-02
1.53800e+03 1.55804562e-02
1.53900e+03 1.48661291e-02
1.54000e+03 1.41240105e-02
1.54100e+03 1.33616732e-02
1.54200e+03 1.25865512e-02
1.54300e+03 1.18058242e-02
1.54400e+03 1.10263150e-02
1.54500e+03 1.02543993e-02
1.54600e+03 9.49593165e-03
1.54700e+03 8.75618755e-03
1.54800e+03 8.03982146e-03
1.54900e+03 7.35084184e-03
1.55000e+03 6.69260174e-03
1.55100e+03 6.06780452e-03
1.55200e+03 5.47852311e-03
1.55300e+03 4.92623157e-03
1.55400e+03 4.41184705e-03
1.55500e+03 3.93578041e-03
1.55600e+03 3.49799368e-03
1.55700e+03 3.09806242e-03
1.55800e+03 2.73524138e-03
1.55900e+03 2.40853168e-03
1.56000e+03 2.11674807e-03
1.56100e+03 1.85858497e-03
1.56200e+03 1.63268021e-03
1.56300e+03 1.43767542e-03
1.56400e+03 1.27227237e-03
1.56500e+03 1.13528468e-03
1.56600e+03 1.02568442e-03
1.56700e+03 9.42643139e-04
1.56800e+03 8.85567279e-04
1.56900e+03 8.54127510e-04
1.57000e+03 8.48281961e-04
1.57100e+03 8.68293087e-04
1.57200e+03 9.14737999e-04
1.57300e+03 9.88512011e-04
1.57400e+03 1.09082517e-03
1.57500e+03 1.22319148e-03
1.57600e+03 1.38741051e-03
1.57700e+03 1.58554112e-03
1.57800e+03 1.81986704e-03
1.57900e+03 2.09285411e-03
1.58000e+03 2.40709911e-03
1.58100e+03 2.76527020e-03
1.58200e+03 3.17003923e-03
1.58300e+03 3.62400650e-03
1.58400e+03 4.12961849e-03
1.58500e+03 4.68907980e-03
1.58600e+03 5.30426049e-03
1.58700e+03 5.97660065e-03
1.58800e+03 6.70701395e-03
1.58900e+03 7.49579270e-03
1.59000e+03 8.34251672e-03
1.59100e+03 9.24596898e-03
1.59200e+03 1.02040606e-02
1.59300e+03 1.12137686e-02
1.59400e+03 1.22710884e-02
1.59500e+03 1.33710050e-02
1.59600e+03 1.45074839e-02
1.59700e+03 1.56734854e-02
1.59800e+03 1.68610017e-02
1.59900e+03 1.80611202e-02
1.60000e+03 1.92641112e-02
1.60100e+03 2.04595409e-02
1.60200e+03 2.16364073e-02
1.60300e+03 2.27832980e-02
1.60400e+03 2.38885668e-02
1.60500e+03 2.49405240e-02
1.60600e+03 2.59276389e-02
1.60700e+03 2.68387475e-02
1.60800e+03 2.76632608e-02
1.60900e+03 2.83913686e-02
1.61000e+03 2.90142337e-02
1.61100e+03 2.95241696e-02
1.61200e+03 2.99147985e-02
1.61300e+03 3.01811839e-02
1.61400e+03 3.03199345e-02
1.61500e+03 3.03292757e-02
1.61600e+03 3.02090880e-02
1.61700e+03 2.99609086e-02
1.61800e+03 2.95878998e-02
1.61900e+03 2.90947807e-02
1.62000e+03 2.84877290e-02
1.62100e+03 2.77742512e-02
1.62200e+03 2.69630291e-02
1.62300e+03 2.60637435e-02
1.62400e+03 2.50868825e-02
1.62500e+03 2.40435387e-02
1.62600e+03 2.29452012e-02
1.62700e+03 2.18035466e-02
1.62800e+03 2.06302365e-02
1.62900e+03 1.94367236e-02
1.63000e+03 1.82340735e-02
1.63100e+03 1.70328035e-02
1.63200e+03 1.58427423e-02
1.63300e+03 1.46729140e-02
1.63400e+03 1.35314450e-02
1.63500e+03 1.24254971e-02
1.63600e+03 1.13612249e-02
1.63700e+03 1.03437575e-02
1.63800e+03 9.37720249e-03
1.63900e+03 8.46467034e-03
1.64000e+03 7.60831691e-03
1.64100e+03 6.80940129e-03
1.64200e+03 6.06835605e-03
1.64300e+03 5.38486685e-03
1.64400e+03 4.75795878e-03
1.64500e+03 4.18608623e-03
1.64600e+03 3.66722415e-03
1.64700e+03 3.19895796e-03
1.64800e+03 2.77857036e-03
1.64900e+03 2.40312330e-03
1.65000e+03 2.06953369e-03
1.65100e+03 1.77464193e-03
1.65200e+03 1.51527258e-03
1.65300e+03 1.28828687e-03
1.65400e+03 1.09062686e-03
1.65500e+03 9.19351491e-04
1.65600e+03 7.71664946e-04
1.65700e+03 6.44937678e-04
1.65800e+03 5.36720912e-04
1.65900e+03 4.44755241e-04
1.66000e+03 3.66974107e-04
1.66100e+03 3.01502947e-04
1.66200e+03 2.46654753e-04
1.66300e+03 2.00922793e-04
1.66400e+03 1.62971145e-04
1.66500e+03 1.31623676e-04
1.66600e+03 1.05852009e-04
1.66700e+03 8.47629342e-05
1.66800e+03 6.75856743e-05
1.66900e+03 5.36593133e-05
1.67000e+03 4.24206540e-05
1.67100e+03 3.33926895e-05
1.67200e+03 2.61738271e-05
1.67300e+03 2.04279529e-05
1.67400e+03 1.58753847e-05
1.67500e+03 1.22847256e-05
1.67600e+03 9.46560656e-06
1.67700e+03 7.26228402e-06
1.67800e+03 5.54804277e-06
1.67900e+03 4.22034700e-06
1.68000e+03 3.19667373e-06
1.68100e+03 2.41096137e-06
1.68200e+03 1.81060612e-06
1.68300e+03 1.35394027e-06
1.68400e+03 1.00813065e-06
1.68500e+03 7.47439281e-07
1.68600e+03 5.51793792e-07
1.68700e+03 4.05620123e-07
1.68800e+03 2.96895739e-07
1.68900e+03 2.16386532e-07
1.69000e+03 1.57035658e-07
1.69100e+03 1.13477072e-07
1.69200e+03 8.16506702e-08
1.69300e+03 5.84996377e-08
1.69400e+03 4.17338441e-08
1.69500e+03 2.96459514e-08
1.69600e+03 2.09693122e-08
1.69700e+03 1.47687850e-08
1.69800e+03 1.03573140e-08
1.69900e+03 7.23254770e-09
1.70000e+03 5.02894934e-09
1.70100e+03 3.48180949e-09
1.70200e+03 2.40034982e-09
1.70300e+03 1.64772930e-09
1.70400e+03 1.12626082e-09
1.70500e+03 7.66538341e-10
1.70600e+03 5.19482088e-10
1.70700e+03 3.50549266e-10
1.70800e+03 2.35542531e-10
1.70900e+03 1.57590997e-10
1.71000e+03 1.04986935e-10
1.71100e+03 6.96435504e-11
1.71200e+03 4.60011129e-11
1.71300e+03 3.02550284e-11
1.71400e+03 1.98138368e-11
1.71500e+03 1.29205615e-11
1.71600e+03 8.38949816e-12
1.71700e+03 5.42415847e-12
1.71800e+03 3.49197034e-12
1.71900e+03 2.23846605e-12
1.72000e+03 1.42880272e-12
1.72100e+03 9.08104477e-13
1.72200e+03 5.74699943e-13
1.72300e+03 3.62149826e-13
1.72400e+03 2.27236033e-13
1.72500e+03 1.41973702e-13
1.72600e+03 8.83243407e-14
1.72700e+03 5.47135245e-14
1.72800e+03 3.37482121e-14
1.72900e+03 2.07275818e-14
1.73000e+03 1.26761771e-14
1.73100e+03 7.71915471e-15
1.73200e+03 4.68050792e-15
1.73300e+03 2.82590796e-15
1.73400e+03 1.69888833e-15
1.73500e+03 1.01698241e-15
1.73600e+03 6.06183122e-16
1.73700e+03 3.59779182e-16
1.73800e+03 2.12622886e-16
1.73900e+03 1.25119724e-16
1.74000e+03 7.33133963e-17
1.74100e+03 4.27742781e-17
1.74200e+03 2.48498533e-17
1.74300e+03 1.43749638e-17
1.74400e+03 8.28002180e-18
1.74500e+03 4.74895430e-18
1.74600e+03 2.71210370e-18
1.74700e+03 1.54225569e-18
1.74800e+03 8.73269442e-19
1.74900e+03 4.92359061e-19
1.75000e+03 2.76412320e-19
1.75100e+03 1.54516424e-19
1.75200e+03 8.60069782e-20
1.75300e+03 4.76688331e-20
1.75400e+03 2.63073524e-20
1.75500e+03 1.44564466e-20
1.75600e+03 7.91020534e-21
1.75700e+03 4.30978644e-21
1.75800e+03 2.33811319e-21
1.75900e+03 1.26304000e-21
1.76000e+03 6.79376419e-22
1.76100e+03 3.63869473e-22
1.76200e+03 1.94053984e-22
1.76300e+03 1.03048411e-22
1.76400e+03 5.44881197e-23
1.76500e+03 2.86882552e-23
1.76600e+03 1.50400139e-23
1.76700e+03 7.85116551e-24
1.76800e+03 4.08095510e-24
1.76900e+03 2.11218178e-24
1.77000e+03 1.08853540e-24
1.77100e+03 5.58593156e-25
1.77200e+03 2.85423978e-25
1.77300e+03 1.45220220e-25
1.77400e+03 7.35708061e-26
1.77500e+03 3.71129716e-26
1.77600e+03 1.86417953e-26
1.77700e+03 9.32376954e-27
1.77800e+03 4.64341089e-27
1.77900e+03 2.30263177e-27
1.78000e+03 1.13698218e-27
1.78100e+03 5.59016483e-28
1.78200e+03 2.73676407e-28
1.78300e+03 1.33411079e-28
1.78400e+03 6.47572239e-29
1.78500e+03 3.12987029e-29
1.78600e+03 1.50628186e-29
1.78700e+03 7.21818391e-30
1.78800e+03 3.44422433e-30
1.78900e+03 1.63642727e-30
1.79000e+03 7.74183257e-31
1.79100e+03 3.64697371e-31
1.79200e+03 1.71065834e-31
1.79300e+03 7.98979650e-32
1.79400e+03 3.71577960e-32
1.79500e+03 1.72070319e-32
1.79600e+03 7.93421149e-33
1.79700e+03 3.64286746e-33
1.79800e+03 1.66542377e-33
1.79900e+03 7.58137429e-34
1.80000e+03 3.43647277e-34
1.80100e+03 1.55102810e-34
1.80200e+03 6.97056876e-35
1.80300e+03 3.11931012e-35
1.80400e+03 1.38992282e-35
1.80500e+03 6.16686731e-36
1.80600e+03 2.72445923e-36
1.80700e+03 1.19849938e-36
1.80800e+03 5.24973164e-37
1.80900e+03 2.28969789e-37
1.81000e+03 9.94399860e-38
1.81100e+03 4.30017089e-38
1.81200e+03 1.85162129e-38
1.81300e+03 7.93890137e-39
1.81400e+03 3.38930332e-39
1.81500e+03 1.44079522e-39
1.81600e+03 6.09868033e-40
1.81700e+03 2.57046249e-40
1.81800e+03 1.07876901e-40
1.81900e+03 4.50803672e-41
1.82000e+03 1.87580728e-41
1.82100e+03 7.77196397e-42
1.82200e+03 3.20638103e-42
1.82300e+03 1.31716831e-42
1.82400e+03 5.38777196e-43
1.82500e+03 2.19441583e-43
1.82600e+03 8.89959906e-44
1.82700e+03 3.59388143e-44
1.82800e+03 1.44510312e-44
1.82900e+03 5.78596391e-45
1.83000e+03 2.30671741e-45
1.83100e+03 9.15703465e-46
1.83200e+03 3.61957109e-46
1.83300e+03 1.42462695e-46
1.83400e+03 5.58324890e-47
1.83500e+03 2.17878619e-47
1.83600e+03 8.46611235e-48
1.83700e+03 3.27563296e-48
1.83800e+03 1.26196766e-48
1.83900e+03 4.84108838e-49
1.84000e+03 1.84918170e-49
1.84100e+03 7.03328071e-50
1.84200e+03 2.66365581e-50
1.84300e+03 1.00447713e-50
1.84400e+03 3.77175772e-51
1.84500e+03 1.41022793e-51
1.84600e+03 5.25020944e-52
1.84700e+03 1.94628186e-52
1.84800e+03 7.18417050e-53
1.84900e+03 2.64051912e-53
1.85000e+03 9.66370789e-54
1.85100e+03 3.52160028e-54
1.85200e+03 1.27784482e-54
1.85300e+03 4.61697969e-55
1.85400e+03 1.66103813e-55
1.85500e+03 5.95035707e-56
1.85600e+03 2.12250267e-56
1.85700e+03 7.53867903e-57
1.85800e+03 2.66614675e-57
1.85900e+03 9.38889837e-58
1.86000e+03 3.29220611e-58
1.86100e+03 1.14947938e-58
1.86200e+03 3.99629134e-59
1.86300e+03 1.38342268e-59
1.86400e+03 4.76863881e-60
1.86500e+03 1.63672516e-60
1.86600e+03 5.59369621e-61
1.86700e+03 1.90354779e-61
1.86800e+03 6.45015996e-62
1.86900e+03 2.17630106e-62
1.87000e+03 7.31154662e-63
1.87100e+03 2.44591479e-63
1.87200e+03 8.14732766e-64
1.87300e+03 2.70228302e-64
1.87400e+03 8.92458998e-65
1.87500e+03 2.93486077e-65
1.87600e+03 9.61011364e-66
1.87700e+03 3.13336749e-66
1.87800e+03 1.01726929e-66
1.87900e+03 3.28853391e-67
1.88000e+03 1.05854788e-67
1.88100e+03 3.39281732e-68
1.88200e+03 1.08280995e-68
1.88300e+03 3.44100885e-69
1.88400e+03 1.08883264e-69
1.88500e+03 3.43066461e-70
1.88600e+03 1.07630953e-70
1.88700e+03 3.36231112e-71
1.88800e+03 1.04587648e-71
1.88900e+03 3.23940084e-72
1.89000e+03 9.99058165e-73
1.89100e+03 3.06802325e-73
1.89200e+03 9.38141415e-74
1.89300e+03 2.85640485e-74
1.89400e+03 8.65990254e-75
1.89500e+03 2.61425554e-75
1.89600e+03 7.85823226e-76
1.89700e+03 2.35203334e-76
1.89800e+03 7.00977177e-77
1.89900e+03 2.08020469e-77
1.90000e+03 6.14681377e-78
1.90100e+03 1.80857211e-78
1.90200e+03 5.29862756e-79
1.90300e+03 1.54572684e-79
1.90400e+03 4.48997469e-80
1.90500e+03 1.29866408e-80
1.90600e+03 3.74017181e-81
1.90700e+03 1.07257598e-81
1.90800e+03 3.06271350e-82
1.90900e+03 8.70816136e-83
1.91000e+03 2.46540546e-83
1.91100e+03 6.95011561e-84
1.91200e+03 1.95091117e-84
1.91300e+03 5.45286506e-85
1.91400e+03 1.51758769e-85
1.91500e+03 4.20556774e-86
1.91600e+03 1.16047893e-86
1.91700e+03 3.18853857e-87
1.91800e+03 8.72344208e-88
1.91900e+03 2.37643467e-88
1.92000e+03 6.44622805e-89
1.92100e+03 1.74111414e-89
1.92200e+03 4.68263827e-90
1.92300e+03 1.25399489e-90
1.92400e+03 3.34381864e-91
1.92500e+03 8.87833346e-92
1.92600e+03 2.34726423e-92
1.92700e+03 6.17922912e-93
1.92800e+03 1.61975156e-93
1.92900e+03 4.22770139e-94
1.93000e+03 1.09875786e-94
1.93100e+03 2.84342300e-95
1.93200e+03 7.32694178e-96
1.93300e+03 1.87994784e-96
1.93400e+03 4.80297857e-97
1.93500e+03 1.22184830e-97
1.93600e+03 3.09503609e-98
1.93700e+03 7.80649231e-99
1.93800e+03 1.96059525e-99
1.93900e+03 4.90299834e-100
1.94000e+03 1.22089225e-100
1.94100e+03 3.02715540e-101
1.94200e+03 7.47366946e-102
1.94300e+03 1.83727788e-102
1.94400e+03 4.49735942e-103
1.94500e+03 1.09618067e-103
1.94600e+03 2.66040937e-104
1.94700e+03 6.42919487e-105
1.94800e+03 1.54705766e-105
1.94900e+03 3.70679187e-106
1.95000e+03 8.84365299e-107
1.95100e+03 2.10090771e-107
1.95200e+03 4.96962990e-108
1.95300e+03 1.17053097e-108
1.95400e+03 2.74526050e-109
1.95500e+03 6.41100334e-110
1.95600e+03 1.49076859e-110
1.95700e+03 3.45172555e-111
1.95800e+03 7.95800248e-112
1.95900e+03 1.82689536e-112
1.96000e+03 4.17604400e-113
1.96100e+03 9.50513412e-114
1.96200e+03 2.15423572e-114
1.96300e+03 4.86149659e-115
1.96400e+03 1.09241722e-115
1.96500e+03 2.44426834e-116
1.96600e+03 5.44566620e-117
1.96700e+03 1.20807790e-117
1.96800e+03 2.66858263e-118
1.96900e+03 5.86959531e-119
1.97000e+03 1.28551590e-119
1.97100e+03 2.80342239e-120
1.97200e+03 6.08753418e-121
1.97300e+03 1.31624301e-121
1.97400e+03 2.83382177e-122
1.97500e+03 6.07506289e-123
1.97600e+03 1.29679347e-123
1.97700e+03 2.75633906e-124
1.97800e+03 5.83359473e-125
1.97900e+03 1.22936731e-125
1.98000e+03 2.57969794e-126
1.98100e+03 5.39011266e-127
1.98200e+03 1.12142083e-127
1.98300e+03 2.32317104e-128
1.98400e+03 4.79220670e-129
1.98500e+03 9.84309526e-130
1.98600e+03 2.01311982e-130
1.98700e+03 4.09967427e-131
1.98800e+03 8.31325054e-132
1.98900e+03 1.67854959e-132
1.99000e+03 3.37473188e-133
1.99100e+03 6.75594587e-134
1.99200e+03 1.34671234e-134
1.99300e+03 2.67303907e-135
1.99400e+03 5.28296295e-136
1.99500e+03 1.03966067e-136
1.99600e+03 2.03726466e-137
1.99700e+03 3.97507274e-138
1.99800e+03 7.72297269e-139
1.99900e+03 1.49405198e-139
2.00000e+03 2.87798620e-140
2.00100e+03 5.52018326e-141
2.00200e+03 1.05428997e-141
2.00300e+03 2.00497261e-142
2.00400e+03 3.79663287e-143
2.00500e+03 7.15864051e-144
2.00600e+03 1.34401555e-144
2.00700e+03 2.51257957e-145
2.00800e+03 4.67710526e-146
2.00900e+03 8.66914474e-147
2.01000e+03 1.59998958e-147
2.01100e+03 2.94035552e-148
2.01200e+03 5.38052094e-149
2.01300e+03 9.80371317e-150
2.01400e+03 1.77868342e-150
2.01500e+03 3.21327954e-151
2.01600e+03 5.78016386e-152
2.01700e+03 1.03531756e-152
2.01800e+03 1.84649784e-153
2.01900e+03 3.27918422e-154
2.02000e+03 5.79861957e-155
2.02100e+03 1.02099875e-155
2.02200e+03 1.79006001e-156
2.02300e+03 3.12501254e-157
2.02400e+03 5.43222471e-158
2.02500e+03 9.40254627e-159
2.02600e+03 1.62052234e-159
2.02700e+03 2.78103436e-160
2.02800e+03 4.75225217e-161
2.02900e+03 8.08601218e-162
2.03000e+03 1.36997012e-162
2.03100e+03 2.31115774e-163
2.03200e+03 3.88230698e-164
2.03300e+03 6.49369589e-165
2.03400e+03 1.08152313e-165
2.03500e+03 1.79358294e-166
2.03600e+03 2.96175349e-167
2.03700e+03 4.86987869e-168
2.03800e+03 7.97313592e-169
2.03900e+03 1.29981631e-169
2.04000e+03 2.10997149e-170
2.04100e+03 3.41046018e-171
2.04200e+03 5.48897393e-172
2.04300e+03 8.79652504e-173
2.04400e+03 1.40369550e-173
2.04500e+03 2.23036769e-174
2.04600e+03 3.52875747e-175
2.04700e+03 5.55915709e-176
2.04800e+03 8.72042944e-177
2.04900e+03 1.36209873e-177
2.05000e+03 2.11846403e-178
2.05100e+03 3.28076703e-179
2.05200e+03 5.05907920e-180
2.05300e+03 7.76800248e-181
2.05400e+03 1.18765150e-181
2.05500e+03 1.80805018e-182
2.05600e+03 2.74077717e-183
2.05700e+03 4.13693564e-184
2.05800e+03 6.21764028e-185
2.05900e+03 9.30495357e-186
2.06000e+03 1.38657900e-186
2.06100e+03 2.05739091e-187
2.06200e+03 3.03970057e-188
2.06300e+03 4.47184336e-189
2.06400e+03 6.55064632e-190
2.06500e+03 9.55484201e-191
2.06600e+03 1.38772898e-191
2.06700e+03 2.00690862e-192
2.06800e+03 2.88996330e-193
2.06900e+03 4.14380058e-194
2.07000e+03 5.91625870e-195
2.07100e+03 8.41079903e-196
2.07200e+03 1.19060896e-196
2.07300e+03 1.67819656e-197
2.07400e+03 2.35536542e-198
2.07500e+03 3.29166444e-199
2.07600e+03 4.58051813e-200
2.07700e+03 6.34680926e-201
2.07800e+03 8.75665173e-202
2.07900e+03 1.20299133e-202
2.08000e+03 1.64561679e-203
2.08100e+03 2.24148951e-204
2.08200e+03 3.04009042e-205
2.08300e+03 4.10561369e-206
2.08400e+03 5.52092000e-207
2.08500e+03 7.39241971e-208
2.08600e+03 9.85606520e-209
2.08700e+03 1.30846560e-209
2.08800e+03 1.72966836e-210
2.08900e+03 2.27669663e-211
2.09000e+03 2.98393444e-212
2.09100e+03 3.89417245e-213
2.09200e+03 5.06037699e-214
2.09300e+03 6.54775401e-215
2.09400e+03 8.43613708e-216
2.09500e+03 1.08227267e-216
2.09600e+03 1.38252039e-217
2.09700e+03 1.75852355e-218
2.09800e+03 2.22723797e-219
2.09900e+03 2.80883899e-220
2.10000e+03 3.52719004e-221
2.10100e+03 4.41034602e-222
2.10200e+03 5.49108616e-223
2.10300e+03 6.80746853e-224
2.10400e+03 8.40339576e-225
2.10500e+03 1.03291785e-225
2.10600e+03 1.26420801e-226
2.10700e+03 1.54068226e-227
2.10800e+03 1.86960309e-228
2.10900e+03 2.25905884e-229
2.11000e+03 2.71798752e-230
2.11100e+03 3.25618569e-231
2.11200e+03 3.88429905e-232
2.11300e+03 4.61379129e-233
2.11400e+03 5.45688776e-234
2.11500e+03 6.42649076e-235
2.11600e+03 7.53606340e-236
2.11700e+03 8.79947963e-237
2.11800e+03 1.02308384e-237
2.11900e+03 1.18442415e-238
2.12000e+03 1.36535338e-239
2.12100e+03 1.56720092e-240
2.12200e+03 1.79120823e-241
2.12300e+03 2.03849318e-242
2.12400e+03 2.31001202e-243
2.12500e+03 2.60651968e-244
2.12600e+03 2.92852925e-245
2.12700e+03 3.27627172e-246
2.12800e+03 3.64965701e-247
2.12900e+03 4.04823747e-248
2.13000e+03 4.47117531e-249
2.13100e+03 4.91721511e-250
2.13200e+03 5.38466273e-251
2.13300e+03 5.87137197e-252
2.13400e+03 6.37473997e-253
2.13500e+03 6.89171236e-254
2.13600e+03 7.41879896e-255
2.13700e+03 7.95210035e-256
2.13800e+03 8.48734570e-257
2.13900e+03 9.01994152e-258
2.14000e+03 9.54503096e-259
2.14100e+03 1.00575628e-259
2.14200e+03 1.05523686e-260
2.14300e+03 1.10242472e-261
2.14400e+03 1.14680538e-262
2.14500e+03 1.18787924e-263
2.14600e+03 1.22517085e-264
2.14700e+03 1.25823802e-265
2.14800e+03 1.28668058e-266
2.14900e+03 1.31014836e-267
2.15000e+03 1.32834841e-268
2.15100e+03 1.34105105e-269
2.15200e+03 1.34809474e-270
2.15300e+03 1.34938943e-271
2.15400e+03 1.34491856e-272
2.15500e+03 1.33473933e-273
2.15600e+03 1.31898155e-274
2.15700e+03 1.29784484e-275
2.15800e+03 1.27159443e-276
2.15900e+03 1.24055565e-277
2.16000e+03 1.20510718e-278
2.16100e+03 1.16567340e-279
2.16200e+03 1.12271594e-280
2.16300e+03 1.07672472e-281
2.16400e+03 1.02820868e-282
2.16500e+03 9.77686548e-284
2.16600e+03 9.25677705e-285
2.16700e+03 8.72693533e-286
2.16800e+03 8.19229348e-287
2.16900e+03 7.65757107e-288
2.17000e+03 7.12719040e-289
2.17100e+03 6.60522286e-290
2.17200e+03 6.09534624e-291
2.17300e+03 5.60081303e-292
2.17400e+03 5.12442994e-293
2.17500e+03 4.66854808e-294
2.17600e+03 4.23506325e-295
2.17700e+03 3.82542557e-296
2.17800e+03 3.44065718e-297
2.17900e+03 3.08137701e-298
2.18000e+03 2.74783129e-299
2.18100e+03 2.43992839e-300
2.18200e+03 2.15727687e-301
2.18300e+03 1.89922528e-302
2.18400e+03 1.66490274e-303
2.18500e+03 1.45325908e-304
2.18600e+03 1.26310372e-305
2.18700e+03 1.09314248e-306
2.18800e+03 9.42011744e-308
2.18900e+03 8.08309447e-309
2.19000e+03 6.90622593e-310
2.19100e+03 5.87551176e-311
2.19200e+03 4.97728383e-312
2.19300e+03 4.19837189e-313
2.19400e+03 3.52623453e-314
2.19500e+03 2.94905772e-315
2.19600e+03 2.45582345e-316
2.19700e+03 2.03635134e-317
2.19800e+03 1.68131033e-318
2.19900e+03 1.38239568e-319
2.20000e+03 1.13190439e-320
2.20100e+03 9.14021445e-322
2.20200e+03 6.91691904e-323
2.20300e+03 0.00000000e+00
2.20400e+03 0.00000000e+00
2.20500e+03 0.00000000e+00
2.20600e+03 0.00000000e+00
2.20700e+03 0.00000000e+00
2.20800e+03 0.00000000e+00
2.20900e+03 0.00000000e+00
2.21000e+03 0.00000000e+00
2.21100e+03 0.00000000e+00
2.21200e+03 0.00000000e+00
2.21300e+03 0.00000000e+00
2.21400e+03 0.00000000e+00
2.21500e+03 0.00000000e+00
2.21600e+03 0.00000000e+00
2.21700e+03 0.00000000e+00
2.21800e+03 0.00000000e+00
2.21900e+03 0.00000000e+00
2.22000e+03 0.00000000e+00
2.22100e+03 0.00000000e+00
2.22200e+03 0.00000000e+00
2.22300e+03 0.00000000e+00
2.22400e+03 0.00000000e+00
2.22500e+03 0.00000000e+00
2.22600e+03 0.00000000e+00
2.22700e+03 0.00000000e+00
2.22800e+03 0.00000000e+00
2.22900e+03 0.00000000e+00
2.23000e+03 0.00000000e+00
2.23100e+03 0.00000000e+00
2.23200e+03 0.00000000e+00
2.23300e+03 0.00000000e+00
2.23400e+03 0.00000000e+00
2.23500e+03 0.00000000e+00
2.23600e+03 0.00000000e+00
2.23700e+03 0.00000000e+00
2.23800e+03 0.00000000e+00
2.23900e+03 0.00000000e+00
2.24000e+03 0.00000000e+00
2.24100e+03 0.00000000e+00
2.24200e+03 0.00000000e+00
2.24300e+03 0.00000000e+00
2.24400e+03 0.00000000e+00
2.24500e+03 0.00000000e+00
2.24600e+03 0.00000000e+00
2.24700e+03 0.00000000e+00
2.24800e+03 0.00000000e+00
2.24900e+03 0.00000000e+00
2.25000e+03 0.00000000e+00
2.25100e+03 0.00000000e+00
2.25200e+03 0.00000000e+00
2.25300e+03 0.00000000e+00
2.25400e+03 0.00000000e+00
2.25500e+03 0.00000000e+00
2.25600e+03 0.00000000e+00
2.25700e+03 0.00000000e+00
2.25800e+03 0.00000000e+00
2.25900e+03 0.00000000e+00
2.26000e+03 0.00000000e+00
2.26100e+03 0.00000000e+00
2.26200e+03 0.00000000e+00
2.26300e+03 0.00000000e+00
2.26400e+03 0.00000000e+00
2.26500e+03 0.00000000e+00
2.26600e+03 0.00000000e+00
2.26700e+03 0.00000000e+00
2.26800e+03 0.00000000e+00
2.26900e+03 0.00000000e+00
2.27000e+03 0.00000000e+00
2.27100e+03 0.00000000e+00
2.27200e+03 0.00000000e+00
2.27300e+03 0.00000000e+00
2.27400e+03 0.00000000e+00
2.27500e+03 0.00000000e+00
2.27600e+03 0.00000000e+00
2.27700e+03 0.00000000e+00
2.27800e+03 0.00000000e+00
2.27900e+03 0.00000000e+00
2.28000e+03 0.00000000e+00
2.28100e+03 0.00000000e+00
2.28200e+03 0.00000000e+00
2.28300e+03 0.00000000e+00
2.28400e+03 0.00000000e+00
2.28500e+03 0.00000000e+00
2.28600e+03 0.00000000e+00
2.28700e+03 0.00000000e+00
2.28800e+03 0.00000000e+00
2.28900e+03 0.00000000e+00
2.29000e+03 0.00000000e+00
2.29100e+03 0.00000000e+00
2.29200e+03 0.00000000e+00
2.29300e+03 0.00000000e+00
2.29400e+03 0.00000000e+00
2.29500e+03 0.00000000e+00
2.29600e+03 0.00000000e+00
2.29700e+03 0.00000000e+00
2.29800e+03 0.00000000e+00
2.29900e+03 0.00000000e+00
2.30000e+03 0.00000000e+00
2.30100e+03 0.00000000e+00
2.30200e+03 0.00000000e+00
2.30300e+03 0.00000000e+00
2.30400e+03 0.00000000e+00
2.30500e+03 0.00000000e+00
2.30600e+03 0.00000000e+00
2.30700e+03 0.00000000e+00
2.30800e+03 0.00000000e+00
2.30900e+03 0.00000000e+00
2.31000e+03 0.00000000e+00
2.31100e+03 0.00000000e+00
2.31200e+03 0.00000000e+00
2.31300e+03 0.00000000e+00
2.31400e+03 0.00000000e+00
2.31500e+03 0.00000000e+00
2.31600e+03 0.00000000e+00
2.31700e+03 0.00000000e+00
2.31800e+03 0.00000000e+00
2.31900e+03 0.00000000e+00
2.32000e+03 0.00000000e+00
2.32100e+03 0.00000000e+00
2.32200e+03 0.00000000e+00
2.32300e+03 0.00000000e+00
2.32400e+03 0.00000000e+00
2.32500e+03 0.00000000e+00
2.32600e+03 0.00000000e+00
2.32700e+03 0.00000000e+00
2.32800e+03 0.00000000e+00
2.32900e+03 0.00000000e+00
2.33000e+03 0.00000000e+00
2.33100e+03 0.00000000e+00
2.33200e+03 0.00000000e+00
2.33300e+03 0.00000000e+00
2.33400e+03 0.00000000e+00
2.33500e+03 0.00000000e+00
2.33600e+03 0.00000000e+00
2.33700e+03 0.00000000e+00
2.33800e+03 0.00000000e+00
2.33900e+03 0.00000000e+00
2.34000e+03 0.00000000e+00
2.34100e+03 0.00000000e+00
2.34200e+03 0.00000000e+00
2.34300e+03 0.00000000e+00
2.34400e+03 0.00000000e+00
2.34500e+03 0.00000000e+00
2.34600e+03 0.00000000e+00
2.34700e+03 0.00000000e+00
2.34800e+03 0.00000000e+00
2.34900e+03 0.00000000e+00
2.35000e+03 0.00000000e+00
2.35100e+03 0.00000000e+00
2.35200e+03 0.00000000e+00
2.35300e+03 0.00000000e+00
2.35400e+03 0.00000000e+00
2.35500e+03 0.00000000e+00
2.35600e+03 0.00000000e+00
2.35700e+03 0.00000000e+00
2.35800e+03 0.00000000e+00
2.35900e+03 0.00000000e+00
2.36000e+03 0.00000000e+00
2.36100e+03 0.00000000e+00
2.36200e+03 0.00000000e+00
2.36300e+03 0.00000000e+00
2.36400e+03 0.00000000e+00
2.36500e+03 0.00000000e+00
2.36600e+03 0.00000000e+00
2.36700e+03 0.00000000e+00
2.36800e+03 0.00000000e+00
2.36900e+03 0.00000000e+00
2.37000e+03 0.00000000e+00
2.37100e+03 0.00000000e+00
2.37200e+03 0.00000000e+00
2.37300e+03 0.00000000e+00
2.37400e+03 0.00000000e+00
2.37500e+03 0.00000000e+00
2.37600e+03 0.00000000e+00
2.37700e+03 0.00000000e+00
2.37800e+03 0.00000000e+00
2.37900e+03 0.00000000e+00
2.38000e+03 0.00000000e+00
2.38100e+03 0.00000000e+00
2.38200e+03 0.00000000e+00
2.38300e+03 0.00000000e+00
2.38400e+03 0.00000000e+00
2.38500e+03 0.00000000e+00
2.38600e+03 0.00000000e+00
2.38700e+03 0.00000000e+00
2.38800e+03 0.00000000e+00
2.38900e+03 0.00000000e+00
2.39000e+03 0.00000000e+00
2.39100e+03 0.00000000e+00
2.39200e+03 0.00000000e+00
2.39300e+03 0.00000000e+00
2.39400e+03 0.00000000e+00
2.39500e+03 0.00000000e+00
2.39600e+03 0.00000000e+00
2.39700e+03 0.00000000e+00
2.39800e+03 0.00000000e+00
2.39900e+03 0.00000000e+00
2.40000e+03 0.00000000e+00
2.40100e+03 0.00000000e+00
2.40200e+03 0.00000000e+00
2.40300e+03 0.00000000e+00
2.40400e+03 0.00000000e+00
2.40500e+03 0.00000000e+00
2.40600e+03 0.00000000e+00
2.40700e+03 0.00000000e+00
2.40800e+03 0.00000000e+00
2.40900e+03 0.00000000e+00
2.41000e+03 0.00000000e+00
2.41100e+03 0.00000000e+00
2.41200e+03 0.00000000e+00
2.41300e+03 0.00000000e+00
2.41400e+03 0.00000000e+00
2.41500e+03 0.00000000e+00
2.41600e+03 0.00000000e+00
2.41700e+03 0.00000000e+00
2.41800e+03 0.00000000e+00
2.41900e+03 0.00000000e+00
2.42000e+03 0.00000000e+00
2.42100e+03 0.00000000e+00
2.42200e+03 0.00000000e+00
2.42300e+03 0.00000000e+00
2.42400e+03 0.00000000e+00
2.42500e+03 0.00000000e+00
2.42600e+03 0.00000000e+00
2.42700e+03 0.00000000e+00
2.42800e+03 0.00000000e+00
2.42900e+03 0.00000000e+00
2.43000e+03 0.00000000e+00
2.43100e+03 0.00000000e+00
2.43200e+03 0.00000000e+00
2.43300e+03 0.00000000e+00
2.43400e+03 0.00000000e+00
2.43500e+03 0.00000000e+00
2.43600e+03 0.00000000e+00
2.43700e+03 0.00000000e+00
2.43800e+03 0.00000000e+00
2.43900e+03 0.00000000e+00
2.44000e+03 0.00000000e+00
2.44100e+03 0.00000000e+00
2.44200e+03 0.00000000e+00
2.44300e+03 0.00000000e+00
2.44400e+03 0.00000000e+00
2.44500e+03 0.00000000e+00
2.44600e+03 5.43472210e-323
2.44700e+03 3.21142670e-322
2.44800e+03 4.09580420e-321
2.44900e+03 5.03601113e-320
2.45000e+03 6.14005022e-319
2.45100e+03 7.45509487e-318
2.45200e+03 9.01349649e-317
2.45300e+03 1.08511528e-315
2.45400e+03 1.30076889e-314
2.45500e+03 1.55262368e-313
2.45600e+03 1.84533009e-312
2.45700e+03 2.18385455e-311
2.45800e+03 2.57344651e-310
2.45900e+03 3.01959275e-309
2.46000e+03 3.52795788e-308
2.46100e+03 4.10431041e-307
2.46200e+03 4.75443372e-306
2.46300e+03 5.48402198e-305
2.46400e+03 6.29856138e-304
2.46500e+03 7.20319772e-303
2.46600e+03 8.20259174e-302
2.46700e+03 9.30076449e-301
2.46800e+03 1.05009354e-299
2.46900e+03 1.18053569e-298
2.47000e+03 1.32151484e-297
2.47100e+03 1.47301360e-296
2.47200e+03 1.63487013e-295
2.47300e+03 1.80676452e-294
2.47400e+03 1.98820718e-293
2.47500e+03 2.17852984e-292
2.47600e+03 2.37687957e-291
2.47700e+03 2.58221639e-290
2.47800e+03 2.79331479e-289
2.47900e+03 3.00876950e-288
2.48000e+03 3.22700580e-287
2.48100e+03 3.44629432e-286
2.48200e+03 3.66477042e-285
2.48300e+03 3.88045787e-284
2.48400e+03 4.09129658e-283
2.48500e+03 4.29517382e-282
2.48600e+03 4.48995839e-281
2.48700e+03 4.67353692e-280
2.48800e+03 4.84385162e-279
2.48900e+03 4.99893828e-278
2.49000e+03 5.13696385e-277
2.49100e+03 5.25626236e-276
2.49200e+03 5.35536839e-275
2.49300e+03 5.43304694e-274
2.49400e+03 5.48831911e-273
2.49500e+03 5.52048257e-272
2.49600e+03 5.52912645e-271
2.49700e+03 5.51414004e-270
2.49800e+03 5.47571521e-269
2.49900e+03 5.41434224e-268
2.50000e+03 5.33079948e-267
2.50100e+03 5.22613688e-266
2.50200e+03 5.10165404e-265
2.50300e+03 4.95887338e-264
2.50400e+03 4.79950917e-263
2.50500e+03 4.62543330e-262
2.50600e+03 4.43863886e-261
2.50700e+03 4.24120232e-260
2.50800e+03 4.03524549e-259
2.50900e+03 3.82289810e-258
2.51000e+03 3.60626199e-257
2.51100e+03 3.38737765e-256
2.51200e+03 3.16819389e-255
2.51300e+03 2.95054116e-254
2.51400e+03 2.73610900e-253
2.51500e+03 2.52642786e-252
2.51600e+03 2.32285554e-251
2.51700e+03 2.12656809e-250
2.51800e+03 1.93855521e-249
2.51900e+03 1.75961983e-248
2.52000e+03 1.59038149e-247
2.52100e+03 1.43128318e-246
2.52200e+03 1.28260112e-245
2.52300e+03 1.14445693e-244
2.52400e+03 1.01683172e-243
2.52500e+03 8.99581480e-243
2.52600e+03 7.92453374e-242
2.52700e+03 6.95102297e-241
2.52800e+03 6.07107391e-240
2.52900e+03 5.27988068e-239
2.53000e+03 4.57219230e-238
2.53100e+03 3.94245422e-237
2.53200e+03 3.38493725e-236
2.53300e+03 2.89385240e-235
2.53400e+03 2.46345097e-234
2.53500e+03 2.08810947e-233
2.53600e+03 1.76239963e-232
2.53700e+03 1.48114411e-231
2.53800e+03 1.23945861e-230
2.53900e+03 1.03278171e-229
2.54000e+03 8.56893473e-229
2.54100e+03 7.07924472e-228
2.54200e+03 5.82356341e-227
2.54300e+03 4.77015492e-226
2.54400e+03 3.89061226e-225
2.54500e+03 3.15969535e-224
2.54600e+03 2.55513742e-223
2.54700e+03 2.05743019e-222
2.54800e+03 1.64959657e-221
2.54900e+03 1.31695876e-220
2.55000e+03 1.04690771e-219
2.55100e+03 8.28679150e-219
2.55200e+03 6.53139907e-218
2.55300e+03 5.12587275e-217
2.55400e+03 4.00563353e-216
2.55500e+03 3.11685358e-215
2.55600e+03 2.41492351e-214
2.55700e+03 1.86308278e-213
2.55800e+03 1.43120788e-212
2.55900e+03 1.09475031e-211
2.56000e+03 8.33814091e-211
2.56100e+03 6.32361143e-210
2.56200e+03 4.77532479e-209
2.56300e+03 3.59072750e-208
2.56400e+03 2.68846121e-207
2.56500e+03 2.00431924e-206
2.56600e+03 1.48789337e-205
2.56700e+03 1.09981216e-204
2.56800e+03 8.09481670e-204
2.56900e+03 5.93249410e-203
2.57000e+03 4.32921750e-202
2.57100e+03 3.14574337e-201
2.57200e+03 2.27603517e-200
2.57300e+03 1.63974548e-199
2.57400e+03 1.17629354e-198
2.57500e+03 8.40227272e-198
2.57600e+03 5.97612443e-197
2.57700e+03 4.23237640e-196
2.57800e+03 2.98463159e-195
2.57900e+03 2.09574759e-194
2.58000e+03 1.46530831e-193
2.58100e+03 1.02014251e-192
2.58200e+03 7.07187339e-192
2.58300e+03 4.88146188e-191
2.58400e+03 3.35511278e-190
2.58500e+03 2.29618111e-189
2.58600e+03 1.56475718e-188
2.58700e+03 1.06176783e-187
2.58800e+03 7.17387771e-187
2.58900e+03 4.82636510e-186
2.59000e+03 3.23316725e-185
2.59100e+03 2.15664155e-184
2.59200e+03 1.43241731e-183
2.59300e+03 9.47333623e-183
2.59400e+03 6.23847070e-182
2.59500e+03 4.09067640e-181
2.59600e+03 2.67087713e-180
2.59700e+03 1.73641885e-179
2.59800e+03 1.12407910e-178
2.59900e+03 7.24571170e-178
2.60000e+03 4.65057900e-177
2.60100e+03 2.97217791e-176
2.60200e+03 1.89140432e-175
2.60300e+03 1.19849369e-174
2.60400e+03 7.56186510e-174
2.60500e+03 4.75076883e-173
2.60600e+03 2.97194434e-172
2.60700e+03 1.85122517e-171
2.60800e+03 1.14820549e-170
2.60900e+03 7.09123364e-170
2.61000e+03 4.36079600e-169
2.61100e+03 2.67024769e-168
2.61200e+03 1.62809269e-167
2.61300e+03 9.88435891e-167
2.61400e+03 5.97529965e-166
2.61500e+03 3.59677006e-165
2.61600e+03 2.15579501e-164
2.61700e+03 1.28660150e-163
2.61800e+03 7.64579142e-163
2.61900e+03 4.52420884e-162
2.62000e+03 2.66565933e-161
2.62100e+03 1.56389810e-160
2.62200e+03 9.13595732e-160
2.62300e+03 5.31424384e-159
2.62400e+03 3.07801477e-158
2.62500e+03 1.77517726e-157
2.62600e+03 1.01942331e-156
2.62700e+03 5.82920326e-156
2.62800e+03 3.31898772e-155
2.62900e+03 1.88167190e-154
2.63000e+03 1.06224321e-153
2.63100e+03 5.97098297e-153
2.63200e+03 3.34202360e-152
2.63300e+03 1.86258028e-151
2.63400e+03 1.03362332e-150
2.63500e+03 5.71151612e-150
2.63600e+03 3.14255094e-149
2.63700e+03 1.72169039e-148
2.63800e+03 9.39224899e-148
2.63900e+03 5.10182963e-147
2.64000e+03 2.75946010e-146
2.64100e+03 1.48615497e-145
2.64200e+03 7.96977191e-145
2.64300e+03 4.25568526e-144
2.64400e+03 2.26274141e-143
2.64500e+03 1.19795958e-142
2.64600e+03 6.31525978e-142
2.64700e+03 3.31498901e-141
2.64800e+03 1.73266572e-140
2.64900e+03 9.01756523e-140
2.65000e+03 4.67310587e-139
2.65100e+03 2.41136953e-138
2.65200e+03 1.23897840e-137
2.65300e+03 6.33877777e-137
2.65400e+03 3.22915683e-136
2.65500e+03 1.63800255e-135
2.65600e+03 8.27335826e-135
2.65700e+03 4.16093483e-134
2.65800e+03 2.08373181e-133
2.65900e+03 1.03904548e-132
2.66000e+03 5.15904265e-132
2.66100e+03 2.55061851e-131
2.66200e+03 1.25563591e-130
2.66300e+03 6.15493931e-130
2.66400e+03 3.00417795e-129
2.66500e+03 1.46005550e-128
2.66600e+03 7.06569539e-128
2.66700e+03 3.40472695e-127
2.66800e+03 1.63362173e-126
2.66900e+03 7.80481391e-126
2.67000e+03 3.71291870e-125
2.67100e+03 1.75877452e-124
2.67200e+03 8.29557954e-124
2.67300e+03 3.89605554e-123
2.67400e+03 1.82198748e-122
2.67500e+03 8.48413325e-122
2.67600e+03 3.93379223e-121
2.67700e+03 1.81617295e-120
2.67800e+03 8.34919942e-120
2.67900e+03 3.82185596e-119
2.68000e+03 1.74198996e-118
2.68100e+03 7.90603677e-118
2.68200e+03 3.57284246e-117
2.68300e+03 1.60772128e-116
2.68400e+03 7.20359866e-116
2.68500e+03 3.21388340e-115
2.68600e+03 1.42775136e-114
2.68700e+03 6.31563341e-114
2.68800e+03 2.78178209e-113
2.68900e+03 1.22003184e-112
2.69000e+03 5.32796167e-112
2.69100e+03 2.31682317e-111
2.69200e+03 1.00315156e-110
2.69300e+03 4.32495999e-110
2.69400e+03 1.85669048e-109
2.69500e+03 7.93667877e-109
2.69600e+03 3.37815813e-108
2.69700e+03 1.43173628e-107
2.69800e+03 6.04210083e-107
2.69900e+03 2.53895377e-106
2.70000e+03 1.06233993e-105
2.70100e+03 4.42602755e-105
2.70200e+03 1.83614347e-104
2.70300e+03 7.58474540e-104
2.70400e+03 3.11973210e-103
2.70500e+03 1.27771943e-102
2.70600e+03 5.21069435e-102
2.70700e+03 2.11591203e-101
2.70800e+03 8.55542376e-101
2.70900e+03 3.44450927e-100
2.71000e+03 1.38087735e-99
2.71100e+03 5.51219754e-99
2.71200e+03 2.19096966e-98
2.71300e+03 8.67141317e-98
2.71400e+03 3.41731746e-97
2.71500e+03 1.34098124e-96
2.71600e+03 5.23964686e-96
2.71700e+03 2.03855894e-95
2.71800e+03 7.89744247e-95
2.71900e+03 3.04643290e-94
2.72000e+03 1.17014239e-93
2.72100e+03 4.47535784e-93
2.72200e+03 1.70434997e-92
2.72300e+03 6.46296425e-92
2.72400e+03 2.44031954e-91
2.72500e+03 9.17494805e-91
2.72600e+03 3.43480833e-90
2.72700e+03 1.28039327e-89
2.72800e+03 4.75254505e-89
2.72900e+03 1.75651189e-88
2.73000e+03 6.46424701e-88
2.73100e+03 2.36879127e-87
2.73200e+03 8.64326144e-87
2.73300e+03 3.14029551e-86
2.73400e+03 1.13607082e-85
2.73500e+03 4.09243992e-85
2.73600e+03 1.46791616e-84
2.73700e+03 5.24278711e-84
2.73800e+03 1.86451223e-83
2.73900e+03 6.60252868e-83
2.74000e+03 2.32807737e-82
2.74100e+03 8.17384850e-82
2.74200e+03 2.85757623e-81
2.74300e+03 9.94743564e-81
2.74400e+03 3.44799425e-80
2.74500e+03 1.19004673e-79
2.74600e+03 4.08981433e-79
2.74700e+03 1.39953986e-78
2.74800e+03 4.76879950e-78
2.74900e+03 1.61798679e-77
2.75000e+03 5.46616840e-77
2.75100e+03 1.83879442e-76
2.75200e+03 6.15921680e-76
2.75300e+03 2.05428151e-75
2.75400e+03 6.82239066e-75
2.75500e+03 2.25608460e-74
2.75600e+03 7.42876053e-74
2.75700e+03 2.43567605e-73
2.75800e+03 7.95178980e-73
2.75900e+03 2.58495190e-72
2.76000e+03 8.36724069e-72
2.76100e+03 2.69683445e-71
2.76200e+03 8.65502955e-71
2.76300e+03 2.76582740e-70
2.76400e+03 8.80083459e-70
2.76500e+03 2.78846320e-69
2.76600e+03 8.79727697e-69
2.76700e+03 2.76359191e-68
2.76800e+03 8.64453970e-68
2.76900e+03 2.69247797e-67
2.77000e+03 8.35035202e-67
2.77100e+03 2.57869371e-66
2.77200e+03 7.92934118e-66
2.77300e+03 2.42782193e-65
2.77400e+03 7.40182733e-65
2.77500e+03 2.24700211e-64
2.77600e+03 6.79219953e-64
2.77700e+03 2.04437157e-63
2.77800e+03 6.12705371e-63
2.77900e+03 1.82846232e-62
2.78000e+03 5.43328936e-62
2.78100e+03 1.60761542e-61
2.78200e+03 4.73635249e-61
2.78300e+03 1.38946757e-60
2.78400e+03 4.05877872e-60
2.78500e+03 1.18055144e-59
2.78600e+03 3.41914139e-59
2.78700e+03 9.86033853e-59
2.78800e+03 2.83145219e-58
2.78900e+03 8.09597770e-58
2.79000e+03 2.30500599e-57
2.79100e+03 6.53457759e-57
2.79200e+03 1.84461489e-56
2.79300e+03 5.18485545e-56
2.79400e+03 1.45114354e-55
2.79500e+03 4.04414662e-55
2.79600e+03 1.12224127e-54
2.79700e+03 3.10090480e-54
2.79800e+03 8.53165935e-54
2.79900e+03 2.33733781e-53
2.80000e+03 6.37605996e-53
2.80100e+03 1.73191375e-52
2.80200e+03 4.68428291e-52
2.80300e+03 1.26154571e-51
2.80400e+03 3.38303049e-51
2.80500e+03 9.03341397e-51
2.80600e+03 2.40182314e-50
2.80700e+03 6.35877238e-50
2.80800e+03 1.67628828e-49
2.80900e+03 4.40014868e-49
2.81000e+03 1.15008314e-48
2.81100e+03 2.99319083e-48
2.81200e+03 7.75680533e-48
2.81300e+03 2.00158821e-47
2.81400e+03 5.14292236e-47
2.81500e+03 1.31579623e-46
2.81600e+03 3.35205224e-46
2.81700e+03 8.50308331e-46
2.81800e+03 2.14775949e-45
2.81900e+03 5.40179951e-45
2.82000e+03 1.35280413e-44
2.82100e+03 3.37345614e-44
2.82200e+03 8.37642979e-44
2.82300e+03 2.07103111e-43
2.82400e+03 5.09868433e-43
2.82500e+03 1.24989494e-42
2.82600e+03 3.05093412e-42
2.82700e+03 7.41542652e-42
2.82800e+03 1.79466537e-41
2.82900e+03 4.32488859e-41
2.83000e+03 1.03779248e-40
2.83100e+03 2.47964963e-40
2.83200e+03 5.89948892e-40
2.83300e+03 1.39759967e-39
2.83400e+03 3.29682260e-39
2.83500e+03 7.74377670e-39
2.83600e+03 1.81115068e-38
2.83700e+03 4.21794516e-38
2.83800e+03 9.78119524e-38
2.83900e+03 2.25853929e-37
2.84000e+03 5.19287853e-37
2.84100e+03 1.18886775e-36
2.84200e+03 2.71021577e-36
2.84300e+03 6.15204080e-36
2.84400e+03 1.39052769e-35
2.84500e+03 3.12957421e-35
2.84600e+03 7.01352133e-35
2.84700e+03 1.56506483e-34
2.84800e+03 3.47755469e-34
2.84900e+03 7.69415837e-34
2.85000e+03 1.69509436e-33
2.85100e+03 3.71853893e-33
2.85200e+03 8.12262826e-33
2.85300e+03 1.76671587e-32
2.85400e+03 3.82633357e-32
2.85500e+03 8.25173045e-32
2.85600e+03 1.77195802e-31
2.85700e+03 3.78885616e-31
2.85800e+03 8.06694716e-31
2.85900e+03 1.71023906e-30
2.86000e+03 3.61036454e-30
2.86100e+03 7.58913071e-30
2.86200e+03 1.58847313e-29
2.86300e+03 3.31066085e-29
2.86400e+03 6.87063092e-29
2.86500e+03 1.41979545e-28
2.86600e+03 2.92147584e-28
2.86700e+03 5.98585669e-28
2.86800e+03 1.22123139e-27
2.86900e+03 2.48094636e-27
2.87000e+03 5.01862444e-27
2.87100e+03 1.01088110e-26
2.87200e+03 2.02751304e-26
2.87300e+03 4.04925932e-26
2.87400e+03 8.05259828e-26
2.87500e+03 1.59457571e-25
2.87600e+03 3.14414875e-25
2.87700e+03 6.17319530e-25
2.87800e+03 1.20688562e-24
2.87900e+03 2.34947887e-24
2.88000e+03 4.55435089e-24
2.88100e+03 8.79085514e-24
2.88200e+03 1.68960675e-23
2.88300e+03 3.23362916e-23
2.88400e+03 6.16233135e-23
2.88500e+03 1.16936566e-22
2.88600e+03 2.20956243e-22
2.88700e+03 4.15731640e-22
2.88800e+03 7.78880713e-22
2.88900e+03 1.45304848e-21
2.89000e+03 2.69923538e-21
2.89100e+03 4.99290310e-21
2.89200e+03 9.19639189e-21
2.89300e+03 1.68668501e-20
2.89400e+03 3.08037029e-20
2.89500e+03 5.60176041e-20
2.89600e+03 1.01437619e-19
2.89700e+03 1.82905485e-19
2.89800e+03 3.28403544e-19
2.89900e+03 5.87141297e-19
2.90000e+03 1.04527695e-18
2.90100e+03 1.85299544e-18
2.90200e+03 3.27093442e-18
2.90300e+03 5.74942109e-18
2.90400e+03 1.00630929e-17
2.90500e+03 1.75385721e-17
2.90600e+03 3.04377586e-17
2.90700e+03 5.26001641e-17
2.90800e+03 9.05144339e-17
2.90900e+03 1.55097648e-16
2.91000e+03 2.64636379e-16
2.91100e+03 4.49625749e-16
2.91200e+03 7.60694783e-16
2.91300e+03 1.28152678e-15
2.91400e+03 2.14982580e-15
2.91500e+03 3.59118317e-15
2.91600e+03 5.97352811e-15
2.91700e+03 9.89426894e-15
2.91800e+03 1.63191050e-14
2.91900e+03 2.68021223e-14
2.92000e+03 4.38331465e-14
2.92100e+03 7.13833841e-14
2.92200e+03 1.15758544e-13
2.92300e+03 1.86926485e-13
2.92400e+03 3.00573655e-13
2.92500e+03 4.81275455e-13
2.92600e+03 7.67360944e-13
2.92700e+03 1.21834224e-12
2.92800e+03 1.92620724e-12
2.92900e+03 3.03250338e-12
2.93000e+03 4.75405972e-12
2.93100e+03 7.42153131e-12
2.93200e+03 1.15368825e-11
2.93300e+03 1.78587060e-11
2.93400e+03 2.75282498e-11
2.93500e+03 4.22546828e-11
2.93600e+03 6.45861314e-11
2.93700e+03 9.83042826e-11
2.93800e+03 1.48996105e-10
2.93900e+03 2.24878167e-10
2.94000e+03 3.37979349e-10
2.94100e+03 5.05829490e-10
2.94200e+03 7.53858545e-10
2.94300e+03 1.11878840e-09
2.94400e+03 1.65340439e-09
2.94500e+03 2.43323430e-09
2.94600e+03 3.56585087e-09
2.94700e+03 5.20376336e-09
2.94800e+03 7.56219286e-09
2.94900e+03 1.09434576e-08
2.95000e+03 1.57702561e-08
2.95100e+03 2.26308623e-08
2.95200e+03 3.23401817e-08
2.95300e+03 4.60218058e-08
2.95400e+03 6.52177151e-08
2.95500e+03 9.20341777e-08
2.95600e+03 1.29334762e-07
2.95700e+03 1.80994322e-07
2.95800e+03 2.52231429e-07
2.95900e+03 3.50041122e-07
2.96000e+03 4.83755207e-07
2.96100e+03 6.65763679e-07
2.96200e+03 9.12438496e-07
2.96300e+03 1.24530980e-06
2.96400e+03 1.69255513e-06
2.96500e+03 2.29087409e-06
2.96600e+03 3.08783465e-06
2.96700e+03 4.14479241e-06
2.96800e+03 5.54050119e-06
2.96900e+03 7.37555185e-06
2.97000e+03 9.77779566e-06
2.97100e+03 1.29089297e-05
2.97200e+03 1.69724420e-05
2.97300e+03 2.22231363e-05
2.97400e+03 2.89784740e-05
2.97500e+03 3.76319899e-05
2.97600e+03 4.86690513e-05
2.97700e+03 6.26852379e-05
2.97800e+03 8.04076239e-05
2.97900e+03 1.02719235e-04
2.98000e+03 1.30686932e-04
2.98100e+03 1.65592958e-04
2.98200e+03 2.08970310e-04
2.98300e+03 2.62642074e-04
2.98400e+03 3.28764753e-04
2.98500e+03 4.09875530e-04
2.98600e+03 5.08943296e-04
2.98700e+03 6.29423128e-04
2.98800e+03 7.75313762e-04
2.98900e+03 9.51217422e-04
2.99000e+03 1.16240121e-03
2.99100e+03 1.41485905e-03
2.99200e+03 1.71537306e-03
2.99300e+03 2.07157293e-03
2.99400e+03 2.49199192e-03
2.99500e+03 2.98611774e-03
2.99600e+03 3.56443671e-03
2.99700e+03 4.23846935e-03
2.99800e+03 5.02079576e-03
2.99900e+03 5.92506903e-03
3.00000e+03 6.96601531e-03
3.00100e+03 8.15941914e-03
3.00200e+03 9.52209307e-03
3.00300e+03 1.10718311e-02
3.00400e+03 1.28273457e-02
3.00500e+03 1.48081884e-02
3.00600e+03 1.70346553e-02
3.00700e+03 1.95276784e-02
3.00800e+03 2.23087049e-02
3.00900e+03 2.53995658e-02
3.01000e+03 2.88223380e-02
3.01100e+03 3.25992008e-02
3.01200e+03 3.67522913e-02
3.01300e+03 4.13035604e-02
3.01400e+03 4.62746329e-02
3.01500e+03 5.16866725e-02
3.01600e+03 5.75602549e-02
3.01700e+03 6.39152480e-02
3.01800e+03 7.07706990e-02
3.01900e+03 7.81447284e-02
3.02000e+03 8.60544260e-02
3.02100e+03 9.45157468e-02
3.02200e+03 1.03543400e-01
3.02300e+03 1.13150729e-01
3.02400e+03 1.23349568e-01
3.02500e+03 1.34150077e-01
3.02600e+03 1.45560546e-01
3.02700e+03 1.57587152e-01
3.02800e+03 1.70233678e-01
3.02900e+03 1.83501180e-01
3.03000e+03 1.97387602e-01
3.03100e+03 2.11887337e-01
3.03200e+03 2.26990740e-01
3.03300e+03 2.42683594e-01
3.03400e+03 2.58946548e-01
3.03500e+03 2.75754521e-01
3.03600e+03 2.93076111e-01
3.03700e+03 3.10873005e-01
3.03800e+03 3.29099429e-01
3.03900e+03 3.47701652e-01
3.04000e+03 3.66617570e-01
3.04100e+03 3.85776401e-01
3.04200e+03 4.05098505e-01
3.04300e+03 4.24495364e-01
3.04400e+03 4.43869741e-01
3.04500e+03 4.63116024e-01
3.04600e+03 4.82120786e-01
3.04700e+03 5.00763556e-01
3.04800e+03 5.18917814e-01
3.04900e+03 5.36452191e-01
3.05000e+03 5.53231886e-01
3.05100e+03 5.69120252e-01
3.05200e+03 5.83980567e-01
3.05300e+03 5.97677917e-01
3.05400e+03 6.10081189e-01
3.05500e+03 6.21065118e-01
3.05600e+03 6.30512349e-01
3.05700e+03 6.38315466e-01
3.05800e+03 6.44378934e-01
3.05900e+03 6.48620931e-01
3.06000e+03 6.50974987e-01
3.06100e+03 6.51391424e-01
3.06200e+03 6.49838530e-01
3.06300e+03 6.46303455e-01
3.06400e+03 6.40792786e-01
3.06500e+03 6.33332799e-01
3.06600e+03 6.23969353e-01
3.06700e+03 6.12767455e-01
3.06800e+03 5.99810466e-01
3.06900e+03 5.85198997e-01
3.07000e+03 5.69049494e-01
3.07100e+03 5.51492543e-01
3.07200e+03 5.32670953e-01
3.07300e+03 5.12737629e-01
3.07400e+03 4.91853308e-01
3.07500e+03 4.70184190e-01
3.07600e+03 4.47899529e-01
3.07700e+03 4.25169219e-01
3.07800e+03 4.02161447e-01
3.07900e+03 3.79040444e-01
3.08000e+03 3.55964381e-01
3.08100e+03 3.33083460e-01
3.08200e+03 3.10538216e-01
3.08300e+03 2.88458073e-01
3.08400e+03 2.66960157e-01
3.08500e+03 2.46148397e-01
3.08600e+03 2.26112897e-01
3.08700e+03 2.06929596e-01
3.08800e+03 1.88660191e-01
3.08900e+03 1.71352317e-01
3.09000e+03 1.55039958e-01
3.09100e+03 1.39744068e-01
3.09200e+03 1.25473369e-01
3.09300e+03 1.12225295e-01
3.09400e+03 9.99870548e-02
3.09500e+03 8.87367758e-02
3.09600e+03 7.84446998e-02
3.09700e+03 6.90743992e-02
3.09800e+03 6.05839864e-02
3.09900e+03 5.29272922e-02
3.10000e+03 4.60549899e-02
3.10100e+03 3.99156477e-02
3.10200e+03 3.44566962e-02
3.10300e+03 2.96252985e-02
3.10400e+03 2.53691176e-02
3.10500e+03 2.16369767e-02
3.10600e+03 1.83794129e-02
3.10700e+03 1.55491252e-02
3.10800e+03 1.31013232e-02
3.10900e+03 1.09939819e-02
3.11000e+03 9.18801019e-03
3.11100e+03 7.64734394e-03
3.11200e+03 6.33897074e-03
3.11300e+03 5.23289785e-03
3.11400e+03 4.30207245e-03
3.11500e+03 3.52226353e-03
3.11600e+03 2.87191436e-03
3.11700e+03 2.33197357e-03
3.11800e+03 1.88571204e-03
3.11900e+03 1.51853211e-03
3.12000e+03 1.21777430e-03
3.12100e+03 9.72526224e-04
3.12200e+03 7.73437324e-04
3.12300e+03 6.12542066e-04
3.12400e+03 4.83093844e-04
3.12500e+03 3.79410883e-04
3.12600e+03 2.96734991e-04
3.12700e+03 2.31103503e-04
3.12800e+03 1.79234359e-04
3.12900e+03 1.38423951e-04
3.13000e+03 1.06457142e-04
3.13100e+03 8.15286730e-05
3.13200e+03 6.21750949e-05
3.13300e+03 4.72162642e-05
3.13400e+03 3.57054500e-05
3.13500e+03 2.68870917e-05
3.13600e+03 2.01612911e-05
3.13700e+03 1.50541721e-05
3.13800e+03 1.11933045e-05
3.13900e+03 8.28746312e-06
3.14000e+03 6.11006364e-06
3.14100e+03 4.48569494e-06
3.14200e+03 3.27923619e-06
3.14300e+03 2.38711728e-06
3.14400e+03 1.73034254e-06
3.14500e+03 1.24895531e-06
3.14600e+03 8.97671528e-07
3.14700e+03 6.42455475e-07
3.14800e+03 4.57849746e-07
3.14900e+03 3.24905182e-07
3.15000e+03 2.29584948e-07
3.15100e+03 1.61540981e-07
3.15200e+03 1.13181126e-07
3.15300e+03 7.89617506e-08
3.15400e+03 5.48542773e-08
3.15500e+03 3.79450150e-08
3.15600e+03 2.61365954e-08
3.15700e+03 1.79263939e-08
3.15800e+03 1.22429503e-08
3.15900e+03 8.32584053e-09
3.16000e+03 5.63791569e-09
3.16100e+03 3.80151939e-09
3.16200e+03 2.55237017e-09
3.16300e+03 1.70638734e-09
3.16400e+03 1.13594890e-09
3.16500e+03 7.52986003e-10
3.16600e+03 4.97006060e-10
3.16700e+03 3.26650167e-10
3.16800e+03 2.13771727e-10
3.16900e+03 1.39304005e-10
3.17000e+03 9.03904780e-11
3.17100e+03 5.84019434e-11
3.17200e+03 3.75731201e-11
3.17300e+03 2.40697945e-11
3.17400e+03 1.53536803e-11
3.17500e+03 9.75208380e-12
3.17600e+03 6.16775371e-12
3.17700e+03 3.88419602e-12
3.17800e+03 2.43567665e-12
3.17900e+03 1.52083595e-12
3.18000e+03 9.45560285e-13
3.18100e+03 5.85382956e-13
3.18200e+03 3.60856727e-13
3.18300e+03 2.21499788e-13
3.18400e+03 1.35380307e-13
3.18500e+03 8.23912798e-14
3.18600e+03 4.99287262e-14
3.18700e+03 3.01275017e-14
3.18800e+03 1.81016875e-14
3.18900e+03 1.08297453e-14
3.19000e+03 6.45149819e-15
3.19100e+03 3.82689023e-15
3.19200e+03 2.26034355e-15
3.19300e+03 1.32936995e-15
3.19400e+03 7.78502761e-16
3.19500e+03 4.53959697e-16
3.19600e+03 2.63582895e-16
3.19700e+03 1.52391198e-16
3.19800e+03 8.77294142e-17
3.19900e+03 5.02890247e-17
3.20000e+03 2.87040906e-17
3.20100e+03 1.63138673e-17
3.20200e+03 9.23235659e-18
3.20300e+03 5.20248328e-18
3.20400e+03 2.91911534e-18
3.20500e+03 1.63092589e-18
3.20600e+03 9.07318093e-19
3.20700e+03 5.02605529e-19
3.20800e+03 2.77228112e-19
3.20900e+03 1.52261310e-19
3.21000e+03 8.32691481e-20
3.21100e+03 4.53441138e-20
3.21200e+03 2.45866824e-20
3.21300e+03 1.32745906e-20
3.21400e+03 7.13648760e-21
3.21500e+03 3.82023471e-21
3.21600e+03 2.03628101e-21
3.21700e+03 1.08075559e-21
3.21800e+03 5.71162088e-22
3.21900e+03 3.00561491e-22
3.22000e+03 1.57488689e-22
3.22100e+03 8.21688963e-23
3.22200e+03 4.26881741e-23
3.22300e+03 2.20825759e-23
3.22400e+03 1.13745415e-23
3.22500e+03 5.83391462e-24
3.22600e+03 2.97939601e-24
3.22700e+03 1.51508980e-24
3.22800e+03 7.67168021e-25
3.22900e+03 3.86798312e-25
3.23000e+03 1.94187201e-25
3.23100e+03 9.70730283e-26
3.23200e+03 4.83190617e-26
3.23300e+03 2.39486113e-26
3.23400e+03 1.18190916e-26
3.23500e+03 5.80804243e-27
3.23600e+03 2.84195613e-27
3.23700e+03 1.38467184e-27
3.23800e+03 6.71766357e-28
3.23900e+03 3.24512575e-28
3.24000e+03 1.56094175e-28
3.24100e+03 7.47624876e-29
3.24200e+03 3.56551828e-29
3.24300e+03 1.69318130e-29
3.24400e+03 8.00619430e-30
3.24500e+03 3.76955993e-30
3.24600e+03 1.76724613e-30
3.24700e+03 8.24983538e-31
3.24800e+03 3.83473518e-31
3.24900e+03 1.77487317e-31
3.25000e+03 8.17977044e-32
3.25100e+03 3.75367572e-32
3.25200e+03 1.71519786e-32
3.25300e+03 7.80393317e-33
3.25400e+03 3.53553134e-33
3.25500e+03 1.59491549e-33
3.25600e+03 7.16411403e-34
3.25700e+03 3.20427022e-34
3.25800e+03 1.42704479e-34
3.25900e+03 6.32831225e-35
3.26000e+03 2.79434496e-35
3.26100e+03 1.22860975e-35
3.26200e+03 5.37885354e-36
3.26300e+03 2.34480806e-36
3.26400e+03 1.01780995e-36
3.26500e+03 4.39914123e-37
3.26600e+03 1.89326292e-37
3.26700e+03 8.11326700e-38
3.26800e+03 3.46196297e-38
3.26900e+03 1.47092618e-38
3.27000e+03 6.22301932e-39
3.27100e+03 2.62152032e-39
3.27200e+03 1.09963135e-39
3.27300e+03 4.59285577e-40
3.27400e+03 1.91011848e-40
3.27500e+03 7.91005696e-41
3.27600e+03 3.26167526e-41
3.27700e+03 1.33919442e-41
3.27800e+03 5.47505324e-42
3.27900e+03 2.22881932e-42
3.28000e+03 9.03448044e-43
3.28100e+03 3.64647551e-43
3.28200e+03 1.46549797e-43
3.28300e+03 5.86460736e-44
3.28400e+03 2.33686950e-44
3.28500e+03 9.27196490e-45
3.28600e+03 3.66311789e-45
3.28700e+03 1.44102598e-45
3.28800e+03 5.64461756e-46
3.28900e+03 2.20160312e-46
3.29000e+03 8.55037846e-47
3.29100e+03 3.30653741e-47
3.29200e+03 1.27321967e-47
3.29300e+03 4.88174438e-48
3.29400e+03 1.86375373e-48
3.29500e+03 7.08506455e-49
3.29600e+03 2.68188957e-49
3.29700e+03 1.01083383e-49
3.29800e+03 3.79367775e-50
3.29900e+03 1.41769531e-50
3.30000e+03 5.27529998e-51
3.30100e+03 1.95457893e-51
3.30200e+03 7.21109238e-52
3.30300e+03 2.64905331e-52
3.30400e+03 9.68996329e-53
3.30500e+03 3.52935511e-53
3.30600e+03 1.28000120e-53
3.30700e+03 4.62239643e-54
3.30800e+03 1.66213308e-54
3.30900e+03 5.95122254e-55
3.31000e+03 2.12172152e-55
3.31100e+03 7.53203558e-56
3.31200e+03 2.66242963e-56
3.31300e+03 9.37099494e-57
3.31400e+03 3.28424133e-57
3.31500e+03 1.14610976e-57
3.31600e+03 3.98253091e-58
3.31700e+03 1.37795136e-58
3.31800e+03 4.74734085e-59
3.31900e+03 1.62857863e-59
3.32000e+03 5.56299719e-60
3.32100e+03 1.89212899e-60
3.32200e+03 6.40817601e-61
3.32300e+03 2.16102562e-61
3.32400e+03 7.25649982e-62
3.32500e+03 2.42625394e-62
3.32600e+03 8.07768867e-63
3.32700e+03 2.67781000e-63
3.32800e+03 8.83922516e-64
3.32900e+03 2.90529627e-64
3.33000e+03 9.50842197e-65
3.33100e+03 3.09861956e-65
3.33200e+03 1.00547172e-65
3.33300e+03 3.24872727e-66
3.33400e+03 1.04519768e-66
3.33500e+03 3.34830809e-67
3.33600e+03 1.06805638e-67
3.33700e+03 3.39238187e-68
3.33800e+03 1.07289465e-68
3.33900e+03 3.37871234e-69
3.34000e+03 1.05946630e-69
3.34100e+03 3.30799516e-70
3.34200e+03 1.02845282e-70
3.34300e+03 3.18379923e-71
3.34400e+03 9.81406125e-72
3.34500e+03 3.01226825e-72
3.34600e+03 9.20619811e-73
3.34700e+03 2.80161709e-73
3.34800e+03 8.48943975e-74
3.34900e+03 2.56148061e-74
3.35000e+03 7.69564288e-75
3.35100e+03 2.30218664e-75
3.35200e+03 6.85769149e-76
3.35300e+03 2.03402903e-76
3.35400e+03 6.00728370e-77
3.35500e+03 1.76661099e-77
3.35600e+03 5.17303602e-78
3.35700e+03 1.50831437e-78
3.35800e+03 4.37905122e-79
3.35900e+03 1.26593081e-79
3.36000e+03 3.64402802e-80
3.36100e+03 1.04446823e-80
3.36200e+03 2.98092159e-81
3.36300e+03 8.47125314e-82
3.36400e+03 2.39710224e-82
3.36500e+03 6.75409625e-83
3.36600e+03 1.89491496e-83
3.36700e+03 5.29363499e-84
3.36800e+03 1.47251610e-84
3.36900e+03 4.07856981e-85
3.37000e+03 1.12485758e-85
3.37100e+03 3.08907868e-86
3.37200e+03 8.44699407e-87
3.37300e+03 2.29994367e-87
3.37400e+03 6.23553900e-88
3.37500e+03 1.68334290e-88
3.37600e+03 4.52494152e-89
3.37700e+03 1.21114222e-89
3.37800e+03 3.22789280e-90
3.37900e+03 8.56613382e-91
3.38000e+03 2.26356201e-91
3.38100e+03 5.95582226e-92
3.38200e+03 1.56038889e-92
3.38300e+03 4.07066874e-93
3.38400e+03 1.05740282e-93
3.38500e+03 2.73499765e-94
3.38600e+03 7.04393339e-95
3.38700e+03 1.80640578e-95
3.38800e+03 4.61272089e-96
3.38900e+03 1.17284556e-96
3.39000e+03 2.96938338e-97
3.39100e+03 7.48571877e-98
3.39200e+03 1.87906815e-98
3.39300e+03 4.69670567e-99
3.39400e+03 1.16892312e-99
3.39500e+03 2.89681222e-100
3.39600e+03 7.14819726e-101
3.39700e+03 1.75636390e-101
3.39800e+03 4.29708820e-102
3.39900e+03 1.04682919e-102
3.40000e+03 2.53933015e-103
3.40100e+03 6.13344258e-104
3.40200e+03 1.47513317e-104
3.40300e+03 3.53264458e-105
3.40400e+03 8.42384664e-106
3.40500e+03 2.00015083e-106
3.40600e+03 4.72886411e-107
3.40700e+03 1.11325002e-107
3.40800e+03 2.60957857e-108
3.40900e+03 6.09101731e-109
3.41000e+03 1.41563431e-109
3.41100e+03 3.27607713e-110
3.41200e+03 7.54916548e-111
3.41300e+03 1.73215026e-111
3.41400e+03 3.95743664e-112
3.41500e+03 9.00293611e-113
3.41600e+03 2.03937061e-113
3.41700e+03 4.59991635e-114
3.41800e+03 1.03310747e-114
3.41900e+03 2.31037704e-115
3.42000e+03 5.14472315e-116
3.42100e+03 1.14073022e-116
3.42200e+03 2.51852158e-117
3.42300e+03 5.53668984e-118
3.42400e+03 1.21198293e-118
3.42500e+03 2.64170674e-119
3.42600e+03 5.73342972e-120
3.42700e+03 1.23904241e-120
3.42800e+03 2.66624248e-121
3.42900e+03 5.71287738e-122
3.43000e+03 1.21885475e-122
3.43100e+03 2.58935021e-123
3.43200e+03 5.47736174e-124
3.43300e+03 1.15370253e-124
3.43400e+03 2.41968067e-125
3.43500e+03 5.05317171e-126
3.43600e+03 1.05078012e-126
3.43700e+03 2.17571210e-127
3.43800e+03 4.48572659e-128
3.43900e+03 9.20886191e-129
3.44000e+03 1.88243900e-129
3.44100e+03 3.83157785e-130
3.44200e+03 7.76562091e-131
3.44300e+03 1.56717144e-131
3.44400e+03 3.14918823e-132
3.44500e+03 6.30118924e-133
3.44600e+03 1.25541761e-133
3.44700e+03 2.49055248e-134
3.44800e+03 4.91977193e-135
3.44900e+03 9.67689511e-136
3.45000e+03 1.89526039e-136
3.45100e+03 3.69609844e-137
3.45200e+03 7.17728123e-138
3.45300e+03 1.38777221e-138
3.45400e+03 2.67188770e-139
3.45500e+03 5.12224096e-140
3.45600e+03 9.77785514e-141
3.45700e+03 1.85852746e-141
3.45800e+03 3.51751661e-142
3.45900e+03 6.62895578e-143
3.46000e+03 1.24392981e-143
3.46100e+03 2.32427987e-144
3.46200e+03 4.32436911e-145
3.46300e+03 8.01122411e-146
3.46400e+03 1.47780386e-146
3.46500e+03 2.71441660e-147
3.46600e+03 4.96452838e-148
3.46700e+03 9.04110022e-149
3.46800e+03 1.63948089e-149
3.46900e+03 2.96028296e-150
3.47000e+03 5.32233101e-151
3.47100e+03 9.52823210e-152
3.47200e+03 1.69849614e-152
3.47300e+03 3.01480058e-153
3.47400e+03 5.32837040e-154
3.47500e+03 9.37717485e-155
3.47600e+03 1.64320373e-155
3.47700e+03 2.86716442e-156
3.47800e+03 4.98144771e-157
3.47900e+03 8.61787804e-158
3.48000e+03 1.48452290e-158
3.48100e+03 2.54633330e-159
3.48200e+03 4.34895974e-160
3.48300e+03 7.39600703e-161
3.48400e+03 1.25242300e-161
3.48500e+03 2.11176964e-162
3.48600e+03 3.54555185e-163
3.48700e+03 5.92738216e-164
3.48800e+03 9.86697000e-165
3.48900e+03 1.63548467e-165
3.49000e+03 2.69929864e-166
3.49100e+03 4.43605769e-167
3.49200e+03 7.25914088e-168
3.49300e+03 1.18281018e-168
3.49400e+03 1.91905170e-169
3.49500e+03 3.10027404e-170
3.49600e+03 4.98718277e-171
3.49700e+03 7.98826152e-172
3.49800e+03 1.27406344e-172
3.49900e+03 2.02335285e-173
3.50000e+03 3.19958746e-174
3.50100e+03 5.03799969e-175
3.50200e+03 7.89885384e-176
3.50300e+03 1.23313836e-176
3.50400e+03 1.91690827e-177
3.50500e+03 2.96710313e-178
3.50600e+03 4.57304782e-179
3.50700e+03 7.01811750e-180
3.50800e+03 1.07245065e-180
3.50900e+03 1.63183329e-181
3.51000e+03 2.47238472e-182
3.51100e+03 3.72990786e-183
3.51200e+03 5.60301707e-184
3.51300e+03 8.38084056e-185
3.51400e+03 1.24823111e-185
3.51500e+03 1.85116109e-186
3.51600e+03 2.73360158e-187
3.51700e+03 4.01946277e-188
3.51800e+03 5.88494751e-189
3.51900e+03 8.57944051e-190
3.52000e+03 1.24542371e-190
3.52100e+03 1.80018478e-191
3.52200e+03 2.59094879e-192
3.52300e+03 3.71314888e-193
3.52400e+03 5.29867994e-194
3.52500e+03 7.52895674e-195
3.52600e+03 1.06523078e-195
3.52700e+03 1.50070179e-196
3.52800e+03 2.10516861e-197
3.52900e+03 2.94049984e-198
3.53000e+03 4.08975438e-199
3.53100e+03 5.66389354e-200
3.53200e+03 7.81042609e-201
3.53300e+03 1.07244780e-201
3.53400e+03 1.46628836e-202
3.53500e+03 1.99620162e-203
3.53600e+03 2.70602130e-204
3.53700e+03 3.65258059e-205
3.53800e+03 4.90919398e-206
3.53900e+03 6.56995461e-207
3.54000e+03 8.75500374e-208
3.54100e+03 1.16169493e-208
3.54200e+03 1.53486308e-209
3.54300e+03 2.01924482e-210
3.54400e+03 2.64514878e-211
3.54500e+03 3.45026952e-212
3.54600e+03 4.48123510e-213
3.54700e+03 5.79541082e-214
3.54800e+03 7.46298408e-215
3.54900e+03 9.56935339e-216
3.55000e+03 1.22178408e-216
3.55100e+03 1.55327417e-217
3.55200e+03 1.96627188e-218
3.55300e+03 2.47845368e-219
3.55400e+03 3.11071222e-220
3.55500e+03 3.88759177e-221
3.55600e+03 4.83774824e-222
3.55700e+03 5.99442682e-223
3.55800e+03 7.39594805e-224
3.55900e+03 9.08619037e-225
3.56000e+03 1.11150546e-225
3.56100e+03 1.35388932e-226
3.56200e+03 1.64208832e-227
3.56300e+03 1.98313213e-228
3.56400e+03 2.38478143e-229
3.56500e+03 2.85553378e-230
3.56600e+03 3.40461347e-231
3.56700e+03 4.04194233e-232
3.56800e+03 4.77808866e-233
3.56900e+03 5.62419131e-234
3.57000e+03 6.59185668e-235
3.57100e+03 7.69302631e-236
3.57200e+03 8.93981371e-237
3.57300e+03 1.03443096e-237
3.57400e+03 1.19183557e-238
3.57500e+03 1.36732881e-239
3.57600e+03 1.56196528e-240
3.57700e+03 1.77668968e-241
3.57800e+03 2.01230391e-242
3.57900e+03 2.26943294e-243
3.58000e+03 2.54848996e-244
3.58100e+03 2.84964191e-245
3.58200e+03 3.17277622e-246
3.58300e+03 3.51746987e-247
3.58400e+03 3.88296181e-248
3.58500e+03 4.26813003e-249
3.58600e+03 4.67147421e-250
3.58700e+03 5.09110506e-251
3.58800e+03 5.52474139e-252
3.58900e+03 5.96971554e-253
3.59000e+03 6.42298802e-254
3.59100e+03 6.88117141e-255
3.59200e+03 7.34056402e-256
3.59300e+03 7.79719284e-257
3.59400e+03 8.24686547e-258
3.59500e+03 8.68523022e-259
3.59600e+03 9.10784330e-260
3.59700e+03 9.51024172e-261
3.59800e+03 9.88802033e-262
3.59900e+03 1.02369112e-262
3.60000e+03 1.05528633e-263
3.60100e+03 1.08321204e-264
3.60200e+03 1.10712953e-265
3.60300e+03 1.12674381e-266
3.60400e+03 1.14180967e-267
3.60500e+03 1.15213678e-268
3.60600e+03 1.15759371e-269
3.60700e+03 1.15811068e-270
3.60800e+03 1.15368106e-271
3.60900e+03 1.14436153e-272
3.61000e+03 1.13027085e-273
3.61100e+03 1.11158735e-274
3.61200e+03 1.08854516e-275
3.61300e+03 1.06142937e-276
3.61400e+03 1.03057010e-277
3.61500e+03 9.96335868e-279
3.61600e+03 9.59126264e-280
3.61700e+03 9.19364207e-281
3.61800e+03 8.77488008e-282
3.61900e+03 8.33943405e-283
3.62000e+03 7.89175797e-284
3.62100e+03 7.43622850e-285
3.62200e+03 6.97707651e-286
3.62300e+03 6.51832536e-287
3.62400e+03 6.06373724e-288
3.62500e+03 5.61676822e-289
3.62600e+03 5.18053274e-290
3.62700e+03 4.75777755e-291
3.62800e+03 4.35086524e-292
3.62900e+03 3.96176693e-293
3.63000e+03 3.59206348e-294
3.63100e+03 3.24295463e-295
3.63200e+03 2.91527503e-296
3.63300e+03 2.60951612e-297
3.63400e+03 2.32585280e-298
3.63500e+03 2.06417377e-299
3.63600e+03 1.82411442e-300
3.63700e+03 1.60509111e-301
3.63800e+03 1.40633599e-302
3.63900e+03 1.22693140e-303
3.64000e+03 1.06584306e-304
3.64100e+03 9.21951414e-306
3.64200e+03 7.94080620e-307
3.64300e+03 6.81024834e-308
3.64400e+03 5.81571467e-309
3.64500e+03 4.94521324e-310
3.64600e+03 4.18705578e-311
3.64700e+03 3.52999637e-312
3.64800e+03 2.96334054e-313
3.64900e+03 2.47702651e-314
3.65000e+03 2.06168136e-315
3.65100e+03 1.70865341e-316
3.65200e+03 1.41004853e-317
3.65300e+03 1.15859876e-318
3.65400e+03 9.48309601e-320
3.65500e+03 7.64813620e-321
3.65600e+03 7.65801751e-322
3.65700e+03 0.00000000e+00
3.65800e+03 0.00000000e+00
3.65900e+03 0.00000000e+00
3.66000e+03 0.00000000e+00
3.66100e+03 0.00000000e+00
3.66200e+03 0.00000000e+00
3.66300e+03 0.00000000e+00
3.66400e+03 0.00000000e+00
3.66500e+03 0.00000000e+00
3.66600e+03 0.00000000e+00
3.66700e+03 0.00000000e+00
3.66800e+03 0.00000000e+00
3.66900e+03 0.00000000e+00
3.67000e+03 0.00000000e+00
3.67100e+03 0.00000000e+00
3.67200e+03 0.00000000e+00
3.67300e+03 0.00000000e+00
3.67400e+03 0.00000000e+00
3.67500e+03 0.00000000e+00
3.67600e+03 0.00000000e+00
3.67700e+03 0.00000000e+00
3.67800e+03 0.00000000e+00
3.67900e+03 0.00000000e+00
3.68000e+03 0.00000000e+00
3.68100e+03 0.00000000e+00
3.68200e+03 0.00000000e+00
3.68300e+03 0.00000000e+00
3.68400e+03 0.00000000e+00
3.68500e+03 0.00000000e+00
3.68600e+03 0.00000000e+00
3.68700e+03 0.00000000e+00
3.68800e+03 0.00000000e+00
3.68900e+03 0.00000000e+00
3.69000e+03 0.00000000e+00
3.69100e+03 0.00000000e+00
3.69200e+03 0.00000000e+00
3.69300e+03 0.00000000e+00
3.69400e+03 0.00000000e+00
3.69500e+03 0.00000000e+00
3.69600e+03 0.00000000e+00
3.69700e+03 0.00000000e+00
3.69800e+03 0.00000000e+00
3.69900e+03 0.00000000e+00
3.70000e+03 0.00000000e+00
3.70100e+03 0.00000000e+00
3.70200e+03 0.00000000e+00
3.70300e+03 0.00000000e+00
3.70400e+03 0.00000000e+00
3.70500e+03 0.00000000e+00
3.70600e+03 0.00000000e+00
3.70700e+03 0.00000000e+00
3.70800e+03 0.00000000e+00
3.70900e+03 0.00000000e+00
3.71000e+03 0.00000000e+00
3.71100e+03 0.00000000e+00
3.71200e+03 0.00000000e+00
3.71300e+03 0.00000000e+00
3.71400e+03 0.00000000e+00
3.71500e+03 0.00000000e+00
3.71600e+03 0.00000000e+00
3.71700e+03 0.00000000e+00
3.71800e+03 0.00000000e+00
3.71900e+03 0.00000000e+00
3.72000e+03 0.00000000e+00
3.72100e+03 0.00000000e+00
3.72200e+03 0.00000000e+00
3.72300e+03 0.00000000e+00
3.72400e+03 0.00000000e+00
3.72500e+03 0.00000000e+00
3.72600e+03 0.00000000e+00
3.72700e+03 0.00000000e+00
3.72800e+03 0.00000000e+00
3.72900e+03 0.00000000e+00
3.73000e+03 0.00000000e+00
3.73100e+03 0.00000000e+00
3.73200e+03 0.00000000e+00
3.73300e+03 0.00000000e+00
3.73400e+03 0.00000000e+00
3.73500e+03 0.00000000e+00
3.73600e+03 0.00000000e+00
3.73700e+03 0.00000000e+00
3.73800e+03 0.00000000e+00
3.73900e+03 0.00000000e+00
3.74000e+03 0.00000000e+00
3.74100e+03 0.00000000e+00
3.74200e+03 0.00000000e+00
3.74300e+03 0.00000000e+00
3.74400e+03 0.00000000e+00
3.74500e+03 0.00000000e+00
3.74600e+03 0.00000000e+00
3.74700e+03 0.00000000e+00
3.74800e+03 0.00000000e+00
3.74900e+03 0.00000000e+00
3.75000e+03 0.00000000e+00
3.75100e+03 0.00000000e+00
3.75200e+03 0.00000000e+00
3.75300e+03 0.00000000e+00
3.75400e+03 0.00000000e+00
3.75500e+03 0.00000000e+00
3.75600e+03 0.00000000e+00
3.75700e+03 0.00000000e+00
3.75800e+03 0.00000000e+00
3.75900e+03 0.00000000e+00
3.76000e+03 0.00000000e+00
3.76100e+03 0.00000000e+00
3.76200e+03 0.00000000e+00
3.76300e+03 0.00000000e+00
3.76400e+03 0.00000000e+00
3.76500e+03 0.00000000e+00
3.76600e+03 0.00000000e+00
3.76700e+03 0.00000000e+00
3.76800e+03 0.00000000e+00
3.76900e+03 0.00000000e+00
3.77000e+03 0.00000000e+00
3.77100e+03 0.00000000e+00
3.77200e+03 0.00000000e+00
3.77300e+03 0.00000000e+00
3.77400e+03 0.00000000e+00
3.77500e+03 0.00000000e+00
3.77600e+03 0.00000000e+00
3.77700e+03 0.00000000e+00
3.77800e+03 0.00000000e+00
3.77900e+03 0.00000000e+00
3.78000e+03 0.00000000e+00
3.78100e+03 0.00000000e+00
3.78200e+03 0.00000000e+00
3.78300e+03 0.00000000e+00
3.78400e+03 0.00000000e+00
3.78500e+03 0.00000000e+00
3.78600e+03 0.00000000e+00
3.78700e+03 0.00000000e+00
3.78800e+03 0.00000000e+00
3.78900e+03 0.00000000e+00
3.79000e+03 0.00000000e+00
3.79100e+03 0.00000000e+00
3.79200e+03 0.00000000e+00
3.79300e+03 0.00000000e+00
3.79400e+03 0.00000000e+00
3.79500e+03 0.00000000e+00
3.79600e+03 0.00000000e+00
3.79700e+03 0.00000000e+00
3.79800e+03 0.00000000e+00
3.79900e+03 0.00000000e+00
3.80000e+03 0.00000000e+00
3.80100e+03 0.00000000e+00
3.80200e+03 0.00000000e+00
3.80300e+03 0.00000000e+00
3.80400e+03 0.00000000e+00
3.80500e+03 0.00000000e+00
3.80600e+03 0.00000000e+00
3.80700e+03 0.00000000e+00
3.80800e+03 0.00000000e+00
3.80900e+03 0.00000000e+00
3.81000e+03 0.00000000e+00
3.81100e+03 0.00000000e+00
3.81200e+03 0.00000000e+00
3.81300e+03 0.00000000e+00
3.81400e+03 0.00000000e+00
3.81500e+03 0.00000000e+00
3.81600e+03 0.00000000e+00
3.81700e+03 0.00000000e+00
3.81800e+03 0.00000000e+00
3.81900e+03 0.00000000e+00
3.82000e+03 0.00000000e+00
3.82100e+03 0.00000000e+00
3.82200e+03 0.00000000e+00
3.82300e+03 0.00000000e+00
3.82400e+03 0.00000000e+00
3.82500e+03 0.00000000e+00
3.82600e+03 0.00000000e+00
3.82700e+03 0.00000000e+00
3.82800e+03 0.00000000e+00
3.82900e+03 0.00000000e+00
3.83000e+03 0.00000000e+00
3.83100e+03 0.00000000e+00
3.83200e+03 0.00000000e+00
3.83300e+03 0.00000000e+00
3.83400e+03 0.00000000e+00
3.83500e+03 0.00000000e+00
3.83600e+03 0.00000000e+00
3.83700e+03 0.00000000e+00
3.83800e+03 0.00000000e+00
3.83900e+03 0.00000000e+00
3.84000e+03 0.00000000e+00
3.84100e+03 0.00000000e+00
3.84200e+03 0.00000000e+00
3.84300e+03 0.00000000e+00
3.84400e+03 0.00000000e+00
3.84500e+03 0.00000000e+00
3.84600e+03 0.00000000e+00
3.84700e+03 0.00000000e+00
3.84800e+03 0.00000000e+00
3.84900e+03 0.00000000e+00
3.85000e+03 0.00000000e+00
3.85100e+03 0.00000000e+00
3.85200e+03 0.00000000e+00
3.85300e+03 0.00000000e+00
3.85400e+03 0.00000000e+00
3.85500e+03 0.00000000e+00
3.85600e+03 0.00000000e+00
3.85700e+03 0.00000000e+00
3.85800e+03 0.00000000e+00
3.85900e+03 0.00000000e+00
3.86000e+03 0.00000000e+00
3.86100e+03 0.00000000e+00
3.86200e+03 0.00000000e+00
3.86300e+03 0.00000000e+00
3.86400e+03 0.00000000e+00
3.86500e+03 0.00000000e+00
3.86600e+03 0.00000000e+00
3.86700e+03 0.00000000e+00
3.86800e+03 0.00000000e+00
3.86900e+03 0.00000000e+00
3.87000e+03 0.00000000e+00
3.87100e+03 0.00000000e+00
3.87200e+03 0.00000000e+00
3.87300e+03 0.00000000e+00
3.87400e+03 0.00000000e+00
3.87500e+03 0.00000000e+00
3.87600e+03 0.00000000e+00
3.87700e+03 0.00000000e+00
3.87800e+03 0.00000000e+00
3.87900e+03 0.00000000e+00
3.88000e+03 0.00000000e+00
3.88100e+03 0.00000000e+00
3.88200e+03 0.00000000e+00
3.88300e+03 0.00000000e+00
3.88400e+03 0.00000000e+00
3.88500e+03 0.00000000e+00
3.88600e+03 0.00000000e+00
3.88700e+03 0.00000000e+00
3.88800e+03 0.00000000e+00
3.88900e+03 0.00000000e+00
3.89000e+03 0.00000000e+00
3.89100e+03 0.00000000e+00
3.89200e+03 0.00000000e+00
3.89300e+03 0.00000000e+00
3.89400e+03 0.00000000e+00
3.89500e+03 0.00000000e+00
3.89600e+03 0.00000000e+00
3.89700e+03 0.00000000e+00
3.89800e+03 0.00000000e+00
3.89900e+03 0.00000000e+00
3.90000e+03 0.00000000e+00
3.90100e+03 0.00000000e+00
3.90200e+03 0.00000000e+00
3.90300e+03 0.00000000e+00
3.90400e+03 0.00000000e+00
3.90500e+03 0.00000000e+00
3.90600e+03 0.00000000e+00
3.90700e+03 0.00000000e+00
3.90800e+03 0.00000000e+00
3.90900e+03 0.00000000e+00
3.91000e+03 0.00000000e+00
3.91100e+03 0.00000000e+00
3.91200e+03 0.00000000e+00
3.91300e+03 0.00000000e+00
3.91400e+03 0.00000000e+00
3.91500e+03 0.00000000e+00
3.91600e+03 0.00000000e+00
3.91700e+03 0.00000000e+00
3.91800e+03 0.00000000e+00
3.91900e+03 0.00000000e+00
3.92000e+03 0.00000000e+00
3.92100e+03 0.00000000e+00
3.92200e+03 0.00000000e+00
3.92300e+03 0.00000000e+00
3.92400e+03 0.00000000e+00
3.92500e+03 0.00000000e+00
3.92600e+03 0.00000000e+00
3.92700e+03 0.00000000e+00
3.92800e+03 0.00000000e+00
3.92900e+03 0.00000000e+00
3.93000e+03 0.00000000e+00
3.93100e+03 0.00000000e+00
3.93200e+03 0.00000000e+00
3.93300e+03 0.00000000e+00
3.93400e+03 0.00000000e+00
3.93500e+03 0.00000000e+00
3.93600e+03 0.00000000e+00
3.93700e+03 0.00000000e+00
3.93800e+03 0.00000000e+00
3.93900e+03 0.00000000e+00
3.94000e+03 0.00000000e+00
3.94100e+03 0.00000000e+00
3.94200e+03 0.00000000e+00
3.94300e+03 0.00000000e+00
3.94400e+03 0.00000000e+00
3.94500e+03 0.00000000e+00
3.94600e+03 0.00000000e+00
3.94700e+03 0.00000000e+00
3.94800e+03 0.00000000e+00
3.94900e+03 0.00000000e+00
3.95000e+03 0.00000000e+00
3.95100e+03 0.00000000e+00
3.95200e+03 0.00000000e+00
3.95300e+03 0.00000000e+00
3.95400e+03 0.00000000e+00
3.95500e+03 0.00000000e+00
3.95600e+03 0.00000000e+00
3.95700e+03 0.00000000e+00
3.95800e+03 0.00000000e+00
3.95900e+03 0.00000000e+00
3.96000e+03 0.00000000e+00
3.96100e+03 0.00000000e+00
3.96200e+03 0.00000000e+00
3.96300e+03 0.00000000e+00
3.96400e+03 0.00000000e+00
3.96500e+03 0.00000000e+00
3.96600e+03 0.00000000e+00
3.96700e+03 0.00000000e+00
3.96800e+03 0.00000000e+00
3.96900e+03 0.00000000e+00
3.97000e+03 0.00000000e+00
3.97100e+03 0.00000000e+00
3.97200e+03 0.00000000e+00
3.97300e+03 0.00000000e+00
3.97400e+03 0.00000000e+00
3.97500e+03 0.00000000e+00
3.97600e+03 0.00000000e+00
3.97700e+03 0.00000000e+00
3.97800e+03 0.00000000e+00
3.97900e+03 0.00000000e+00
3.98000e+03 0.00000000e+00
3.98100e+03 0.00000000e+00
3.98200e+03 0.00000000e+00
3.98300e+03 0.00000000e+00
3.98400e+03 0.00000000e+00
3.98500e+03 0.00000000e+00
3.98600e+03 0.00000000e+00
3.98700e+03 0.00000000e+00
3.98800e+03 0.00000000e+00
3.98900e+03 0.00000000e+00
3.99000e+03 0.00000000e+00
3.99100e+03 0.00000000e+00
3.99200e+03 0.00000000e+00
3.99300e+03 0.00000000e+00
3.99400e+03 0.00000000e+00
3.99500e+03 0.00000000e+00
3.99600e+03 0.00000000e+00
3.99700e+03 0.00000000e+00
3.99800e+03 0.00000000e+00
3.99900e+03 0.00000000e+00
4.00000e+03 0.00000000e+00
