2.24778e+02 2.18280000e-01
6.32246e+02 1.36510000e-01
8.77111e+02 2.93573000e-01
1.12963e+03 7.91826000e-01
1.24154e+03 1.40278900e+00
1.28936e+03 7.12470000e-01
1.43571e+03 2.06652000e-01
1.61457e+03 1.16269800e+00
3.03402e+03 1.85323800e+00
3.03976e+03 2.80472800e+00
3.05602e+03 1.24649100e+01
5.91117e+02 1.38905300e+00
7.90069e+02 6.97000000e-04
9.90934e+02 6.67879000e-01
1.12389e+03 2.20694000e-01
1.14780e+03 2.80109000e-01
1.33336e+03 6.80850000e-01
1.37066e+03 9.88040000e-02
1.43571e+03 3.18087000e-01
1.52753e+03 7.54834000e-01
3.04263e+03 5.10000000e-05
3.06845e+03 1.31569290e+01
8.79980e+01 1.45112000e-01
3.71122e+02 1.36680000e-02
4.62946e+02 2.17770000e+00
7.13549e+02 1.01473170e+01
8.53198e+02 9.43477900e+00
9.20153e+02 1.04289900e+00
