2.31360e+02 2.53685200e-02
4.74385e+02 2.52411600e-03
7.54350e+02 4.14735900e-02
9.30300e+02 1.05549600e-03
2.65383e+02 9.81070000e-04
5.74511e+02 3.94418000e-04
7.61154e+02 4.98968620e-02
8.26285e+02 1.28940060e-02
8.93360e+02 1.44708820e-02
9.63351e+02 1.01689000e-03
3.83007e+02 1.62208880e-02
5.19101e+02 4.48601720e-02
9.01137e+02 6.52720000e-04
1.10236e+03 2.88311200e-03
1.18888e+03 1.63320494e-01
1.27151e+03 6.48740000e-05
1.38816e+03 1.23973020e-02
1.59424e+03 3.48413180e-02
1.63799e+03 6.69117600e-03
3.08836e+03 4.53600600e-02
3.10586e+03 9.96909206e-01
3.87868e+02 1.01057374e-01
6.24088e+02 5.21698400e-03
7.44629e+02 2.39993204e-01
1.01098e+03 1.97078456e-01
1.16555e+03 1.94239920e-02
1.26762e+03 2.08455286e-01
1.40371e+03 2.93794645e+00
1.49217e+03 4.42313320e-01
1.56411e+03 3.43294502e-01
3.08447e+03 1.73500538e-01
3.09322e+03 1.25718131e+00
3.11850e+03 3.00745755e+00
