# energy	fit	voigt_0	voigt_1	g_type_edge 1	g_type_edge 2
8.52500000e+02 2.33588098e-02 6.25263412e-03 1.71061757e-02 0.00000000e+00 0.00000000e+00
8.52750000e+02 2.55426877e-02 6.84226331e-03 1.87004244e-02 0.00000000e+00 0.00000000e+00
8.53000000e+02 2.80528752e-02 7.52161659e-03 2.05312586e-02 0.00000000e+00 0.00000000e+00
8.53250000e+02 3.09584322e-02 8.31011890e-03 2.26483133e-02 0.00000000e+00 0.00000000e+00
8.53500000e+02 3.43478456e-02 9.23280118e-03 2.51150444e-02 0.00000000e+00 0.00000000e+00
8.53750000e+02 3.83360195e-02 1.03223743e-02 2.80136452e-02 0.00000000e+00 0.00000000e+00
8.54000000e+02 4.30744032e-02 1.16222622e-02 3.14521410e-02 0.00000000e+00 0.00000000e+00
8.54250000e+02 4.87659833e-02 1.31911386e-02 3.55748447e-02 0.00000000e+00 0.00000000e+00
8.54500000e+02 5.56880237e-02 1.51098886e-02 4.05781351e-02 0.00000000e+00 0.00000000e+00
8.54750000e+02 6.42275173e-02 1.74926059e-02 4.67349114e-02 0.00000000e+00 0.00000000e+00
8.55000000e+02 7.49382240e-02 2.05045509e-02 5.44336730e-02 0.00000000e+00 0.00000000e+00
8.55250000e+02 8.86358461e-02 2.43926322e-02 6.42432138e-02 0.00000000e+00 0.00000000e+00
8.55500000e+02 1.06563767e-01 2.95395379e-02 7.70242287e-02 0.00000000e+00 0.00000000e+00
8.55750000e+02 1.30696678e-01 3.65651939e-02 9.41314840e-02 0.00000000e+00 0.00000000e+00
8.56000000e+02 1.64331992e-01 4.65297616e-02 1.17802230e-01 0.00000000e+00 0.00000000e+00
8.56250000e+02 2.13332331e-01 6.13739676e-02 1.51958363e-01 0.00000000e+00 0.00000000e+00
8.56500000e+02 2.88998106e-01 8.49771521e-02 2.04020954e-01 0.00000000e+00 0.00000000e+00
8.56750000e+02 4.15588140e-01 1.26060416e-01 2.89527725e-01 0.00000000e+00 0.00000000e+00
8.57000000e+02 6.53475778e-01 2.07635170e-01 4.45840609e-01 0.00000000e+00 0.00000000e+00
8.57250000e+02 1.18297289e+00 4.02762270e-01 7.80210616e-01 1.39708494e-16 5.30081909e-16
8.57500000e+02 2.53215927e+00 9.11833279e-01 1.62032599e+00 1.75683432e-14 1.43879375e-14
8.57750000e+02 5.08982947e+00 1.62941480e+00 3.46041466e+00 1.55909441e-12 3.28347880e-13
8.58000000e+02 6.34052122e+00 1.58815936e+00 4.75236186e+00 9.50615540e-11 6.31350271e-12
8.58250000e+02 4.99261741e+00 9.78816991e-01 4.01380042e+00 3.98838963e-09 1.02250377e-10
8.58500000e+02 4.04365526e+00 5.45036087e-01 3.49861906e+00 1.15348341e-07 1.39541079e-09
8.58750000e+02 2.50175789e+00 3.96892730e-01 2.10486284e+00 2.30485856e-06 1.60544280e-08
8.59000000e+02 1.28510879e+00 2.84380023e-01 1.00069669e+00 3.19180303e-05 1.55811306e-07
8.59250000e+02 8.24325961e-01 2.52569955e-01 5.71447100e-01 3.07629623e-04 1.27650536e-06
8.59500000e+02 7.04350532e-01 2.77094900e-01 4.25170846e-01 2.07595046e-03 8.83569756e-06
8.59750000e+02 7.28357759e-01 3.41365114e-01 3.77047140e-01 9.89377888e-03 5.17266827e-05
8.60000000e+02 8.29613763e-01 3.87149638e-01 4.08475370e-01 3.37322963e-02 2.56458589e-04
8.60250000e+02 1.00965967e+00 3.06760200e-01 6.17930360e-01 8.38904921e-02 1.07862340e-03
8.60500000e+02 1.08760832e+00 1.94280193e-01 7.32733392e-01 1.56738262e-01 3.85647582e-03
8.60750000e+02 8.98812093e-01 1.54198601e-01 5.03079267e-01 2.29780837e-01 1.17533884e-02
8.61000000e+02 7.09669019e-01 1.01553282e-01 2.97130226e-01 2.80342560e-01 3.06429504e-02
8.61250000e+02 6.80267427e-01 5.88747966e-02 2.48227432e-01 3.04501669e-01 6.86635292e-02
8.61500000e+02 6.81972977e-01 3.82802730e-02 1.98165735e-01 3.12467150e-01 1.33059819e-01
8.61750000e+02 6.86448999e-01 2.80889676e-02 1.19239513e-01 3.14278551e-01 2.24841968e-01
8.62000000e+02 7.49810149e-01 2.21035140e-02 7.82198311e-02 3.14562499e-01 3.34924305e-01
8.62250000e+02 8.37354437e-01 1.81345518e-02 5.85951138e-02 3.14593162e-01 4.46031609e-01
8.62500000e+02 9.17389525e-01 1.52985565e-02 4.70940575e-02 3.14595441e-01 5.40401470e-01
8.62750000e+02 9.74980795e-01 1.31695587e-02 3.93634900e-02 3.14595557e-01 6.07852189e-01
8.63000000e+02 1.00826306e+00 1.15145194e-02 3.37316289e-02 3.14595562e-01 6.48421348e-01
8.63250000e+02 1.02315842e+00 1.01940886e-02 2.94144420e-02 3.14595562e-01 6.68954326e-01
8.63500000e+02 1.02740193e+00 9.11931823e-03 2.59880906e-02 3.14595562e-01 6.77698960e-01
8.63750000e+02 1.02685817e+00 8.23053564e-03 2.31994657e-02 3.14595562e-01 6.80832604e-01
8.64000000e+02 1.02474524e+00 7.48611393e-03 2.08861225e-02 3.14595562e-01 6.81777443e-01
8.64250000e+02 1.02240681e+00 6.85608902e-03 1.89380272e-02 3.14595562e-01 6.82017130e-01
8.64500000e+02 1.02025966e+00 6.31833172e-03 1.72774844e-02 3.14595562e-01 6.82068285e-01
8.64750000e+02 1.01837698e+00 5.85614860e-03 1.58478004e-02 3.14595562e-01 6.82077470e-01
8.65000000e+02 1.01673764e+00 5.45672226e-03 1.46064956e-02 3.14595562e-01 6.82078857e-01
