-2.000000000000000000e+00 -1.379091105340028711e-02 1.203504375925353378e-02
-1.899999999999999911e+00 -2.464410164725472623e-03 1.203504375925353378e-02
-1.799999999999999822e+00 1.709728314989158310e-02 1.203504375925353378e-02
-1.699999999999999734e+00 -2.012283040621104524e-02 1.203504375925353378e-02
-1.599999999999999645e+00 1.450979626369523941e-02 1.203504375925353378e-02
-1.499999999999999556e+00 5.731077787093121802e-03 1.203504375925353378e-02
-1.399999999999999467e+00 -2.555528064145478478e-03 1.203504375925353378e-02
-1.299999999999999378e+00 1.088304201638616922e-02 1.203504375925353378e-02
-1.199999999999999289e+00 9.180458560506277524e-03 1.203504375925353378e-02
-1.099999999999999201e+00 3.617508329080621008e-03 1.203504375925353378e-02
-1.000000000000000000e+00 -5.196804387110434166e-03 1.203504375925353378e-02
-9.499999999999999556e-01 1.714551142672030362e-02 1.203504375925353378e-02
-8.999999999999999112e-01 9.823740924376557146e-03 1.203504375925353378e-02
-8.499999999999998668e-01 -1.879016864203082726e-02 1.203504375925353378e-02
-7.999999999999998224e-01 6.924641989430753951e-03 1.203504375925353378e-02
-7.499999999999997780e-01 2.509586637062627325e-03 1.203504375925353378e-02
-6.999999999999997335e-01 8.782344644959102706e-03 1.203504375925353378e-02
-6.499999999999996891e-01 -1.732903720002177891e-02 1.203504375925353378e-02
-5.999999999999996447e-01 -1.700195985525998141e-02 1.203504375925353378e-02
-5.499999999999996003e-01 6.016544986629105210e-03 1.203504375925353378e-02
-4.999999999999995559e-01 -5.781917985326715317e-03 1.203504375925353378e-02
-4.499999999999995115e-01 -1.225905912029658096e-02 1.203504375925353378e-02
-3.999999999999994671e-01 1.130047707007797442e-02 1.203504375925353378e-02
-3.499999999999994227e-01 3.137601165656905573e-03 1.203504375925353378e-02
-2.999999999999993783e-01 -3.251843158250676373e-03 1.203504375925353378e-02
-2.499999999999993339e-01 -1.292777144500692477e-02 1.203504375925353378e-02
-1.999999999999992895e-01 3.067955060236631296e-02 1.203504375925353378e-02
-1.499999999999992450e-01 -4.400853456075843467e-03 1.203504375925353378e-02
-9.999999999999920064e-02 -6.063889899307830372e-02 1.203504375925353378e-02
-4.999999999999915623e-02 -9.357371514168064119e-02 1.203504375925353378e-02
8.881784197001252323e-16 -2.559400235427829462e-01 1.203504375925353378e-02
5.000000000000093259e-02 -4.166363508097584711e-01 1.203504375925353378e-02
1.000000000000009770e-01 -4.717936049771418450e-01 1.203504375925353378e-02
1.500000000000010214e-01 -4.659759067861271586e-01 1.203504375925353378e-02
2.000000000000010658e-01 -4.816519476488142493e-01 1.203504375925353378e-02
2.500000000000011102e-01 -4.867013280197733938e-01 1.203504375925353378e-02
3.000000000000011546e-01 -4.637449053436283330e-01 1.203504375925353378e-02
3.500000000000011990e-01 -4.704014433860810307e-01 1.203504375925353378e-02
4.000000000000012434e-01 -4.754361883082633411e-01 1.203504375925353378e-02
4.500000000000012879e-01 -4.540418477552183307e-01 1.203504375925353378e-02
5.000000000000013323e-01 -4.717798406949421097e-01 1.203504375925353378e-02
5.500000000000013767e-01 -4.597162446104552935e-01 1.203504375925353378e-02
6.000000000000014211e-01 -4.454317719256613572e-01 1.203504375925353378e-02
6.500000000000014655e-01 -4.389931934572047223e-01 1.203504375925353378e-02
7.000000000000015099e-01 -4.140842496624776992e-01 1.203504375925353378e-02
7.500000000000015543e-01 -4.396672116979559175e-01 1.203504375925353378e-02
8.000000000000015987e-01 -4.341701682889844705e-01 1.203504375925353378e-02
8.500000000000016431e-01 -4.397124885183149590e-01 1.203504375925353378e-02
9.000000000000016875e-01 -4.130696428568643164e-01 1.203504375925353378e-02
9.500000000000017319e-01 -4.233969450769005660e-01 1.203504375925353378e-02
1.000000000000000000e+00 -3.911525520950186463e-01 1.203504375925353378e-02
2.000000000000000000e+00 -3.322536792202274714e-01 1.203504375925353378e-02
3.000000000000000000e+00 -3.025877422720895660e-01 1.203504375925353378e-02
4.000000000000000000e+00 -2.333584793456500162e-01 1.203504375925353378e-02
5.000000000000000000e+00 -2.240838520941862422e-01 1.203504375925353378e-02
6.000000000000000000e+00 -1.877866718488615527e-01 1.203504375925353378e-02
7.000000000000000000e+00 -1.755061863286674073e-01 1.203504375925353378e-02
8.000000000000000000e+00 -1.405227039064402828e-01 1.203504375925353378e-02
9.000000000000000000e+00 -1.391125291870747016e-01 1.203504375925353378e-02
1.000000000000000000e+01 -1.144337111415817954e-01 1.203504375925353378e-02
2.000000000000000000e+01 -9.876927296963566860e-02 1.203504375925353378e-02
3.000000000000000000e+01 -5.145236790291782270e-02 1.203504375925353378e-02
4.000000000000000000e+01 -3.180611936283144620e-02 1.203504375925353378e-02
5.000000000000000000e+01 4.843721804048928617e-03 1.203504375925353378e-02
6.000000000000000000e+01 -8.200066003772620016e-03 1.203504375925353378e-02
7.000000000000000000e+01 1.380381917960974737e-02 1.203504375925353378e-02
8.000000000000000000e+01 3.052890067431987195e-02 1.203504375925353378e-02
9.000000000000000000e+01 5.702715017379385992e-02 1.203504375925353378e-02
1.000000000000000000e+02 5.896286316631983715e-02 1.203504375925353378e-02
2.000000000000000000e+02 9.836596711011096061e-02 1.203504375925353378e-02
3.000000000000000000e+02 1.318502430680247028e-01 1.203504375925353378e-02
4.000000000000000000e+02 9.480214111611592886e-02 1.203504375925353378e-02
5.000000000000000000e+02 8.303867761506568412e-02 1.203504375925353378e-02
6.000000000000000000e+02 8.297299554648623898e-02 1.203504375925353378e-02
7.000000000000000000e+02 6.077033081103570128e-02 1.203504375925353378e-02
8.000000000000000000e+02 5.683244905076497572e-02 1.203504375925353378e-02
9.000000000000000000e+02 4.062829214327907945e-02 1.203504375925353378e-02
1.000000000000000000e+03 3.627952137815274036e-02 1.203504375925353378e-02
1.100000000000000000e+03 1.541065443699495517e-02 1.203504375925353378e-02
1.200000000000000000e+03 2.096386515269349493e-02 1.203504375925353378e-02
1.300000000000000000e+03 8.326577443467739897e-03 1.203504375925353378e-02
1.400000000000000000e+03 -4.660470221504557642e-04 1.203504375925353378e-02
