-2.000000000000000000e+00 -1.004045294540155354e-03 1.203003673042266942e-02
-1.899999999999999911e+00 -1.235335900937758156e-02 1.203003673042266942e-02
-1.799999999999999822e+00 5.027742727367137850e-03 1.203003673042266942e-02
-1.699999999999999734e+00 2.707560702894572322e-03 1.203003673042266942e-02
-1.599999999999999645e+00 -1.736205223308618555e-03 1.203003673042266942e-02
-1.499999999999999556e+00 1.786252380125930364e-02 1.203003673042266942e-02
-1.399999999999999467e+00 1.292718911979556969e-02 1.203003673042266942e-02
-1.299999999999999378e+00 -1.787319813288591904e-04 1.203003673042266942e-02
-1.199999999999999289e+00 -2.388204317964643178e-02 1.203003673042266942e-02
-1.099999999999999201e+00 1.494113717943671782e-03 1.203003673042266942e-02
-1.000000000000000000e+00 -2.001131081654594981e-02 1.203003673042266942e-02
-9.499999999999999556e-01 -5.316280188298410335e-03 1.203003673042266942e-02
-8.999999999999999112e-01 1.940832089644344699e-02 1.203003673042266942e-02
-8.499999999999998668e-01 3.622170047871439008e-02 1.203003673042266942e-02
-7.999999999999998224e-01 -1.408497778453399532e-02 1.203003673042266942e-02
-7.499999999999997780e-01 -4.257959460023411254e-03 1.203003673042266942e-02
-6.999999999999997335e-01 -1.558835097975029733e-02 1.203003673042266942e-02
-6.499999999999996891e-01 2.881361365337953284e-03 1.203003673042266942e-02
-5.999999999999996447e-01 -2.549396041888019743e-03 1.203003673042266942e-02
-5.499999999999996003e-01 4.623258261070081233e-03 1.203003673042266942e-02
-4.999999999999995559e-01 2.031272137507224990e-02 1.203003673042266942e-02
-4.499999999999995115e-01 1.237928935515106472e-02 1.203003673042266942e-02
-3.999999999999994671e-01 5.870565420232002306e-03 1.203003673042266942e-02
-3.499999999999994227e-01 -2.967644351054724971e-03 1.203003673042266942e-02
-2.999999999999993783e-01 -6.053503084246136118e-03 1.203003673042266942e-02
-2.499999999999993339e-01 -5.565763806373445928e-03 1.203003673042266942e-02
-1.999999999999992895e-01 4.419585004084484558e-04 1.203003673042266942e-02
-1.499999999999992450e-01 4.615925912951255282e-03 1.203003673042266942e-02
-9.999999999999920064e-02 2.023870910919013059e-03 1.203003673042266942e-02
-4.999999999999915623e-02 2.721433062133064851e-02 1.203003673042266942e-02
8.881784197001252323e-16 5.926680863176739256e-02 1.203003673042266942e-02
5.000000000000093259e-02 1.949941575127933924e-01 1.203003673042266942e-02
1.000000000000009770e-01 3.281085407904276163e-01 1.203003673042266942e-02
1.500000000000010214e-01 4.499021939789805136e-01 1.203003673042266942e-02
2.000000000000010658e-01 4.574392995507938209e-01 1.203003673042266942e-02
2.500000000000011102e-01 4.950040564495664652e-01 1.203003673042266942e-02
3.000000000000011546e-01 4.743176345752921352e-01 1.203003673042266942e-02
3.500000000000011990e-01 4.935576707949431152e-01 1.203003673042266942e-02
4.000000000000012434e-01 4.533756755692143758e-01 1.203003673042266942e-02
4.500000000000012879e-01 4.754362486753514472e-01 1.203003673042266942e-02
5.000000000000013323e-01 4.559383272419463284e-01 1.203003673042266942e-02
5.500000000000013767e-01 4.405665264783502622e-01 1.203003673042266942e-02
6.000000000000014211e-01 4.538056038736819620e-01 1.203003673042266942e-02
6.500000000000014655e-01 4.280912822632818582e-01 1.203003673042266942e-02
7.000000000000015099e-01 4.441683191366315731e-01 1.203003673042266942e-02
7.500000000000015543e-01 4.346239881008535644e-01 1.203003673042266942e-02
8.000000000000015987e-01 4.322986489494893281e-01 1.203003673042266942e-02
8.500000000000016431e-01 4.355928029538380652e-01 1.203003673042266942e-02
9.000000000000016875e-01 4.357148897592630910e-01 1.203003673042266942e-02
9.500000000000017319e-01 4.231396086123953015e-01 1.203003673042266942e-02
1.000000000000000000e+00 4.091134047021200981e-01 1.203003673042266942e-02
2.000000000000000000e+00 3.403031842722459843e-01 1.203003673042266942e-02
3.000000000000000000e+00 2.900274518068085561e-01 1.203003673042266942e-02
4.000000000000000000e+00 2.576750472923439172e-01 1.203003673042266942e-02
5.000000000000000000e+00 2.370227696415586616e-01 1.203003673042266942e-02
6.000000000000000000e+00 1.997322973966291493e-01 1.203003673042266942e-02
7.000000000000000000e+00 1.564873303930175430e-01 1.203003673042266942e-02
8.000000000000000000e+00 1.448356029463722938e-01 1.203003673042266942e-02
9.000000000000000000e+00 1.369277915033416115e-01 1.203003673042266942e-02
1.000000000000000000e+01 1.488539300946325472e-01 1.203003673042266942e-02
2.000000000000000000e+01 8.411141409686855031e-02 1.203003673042266942e-02
3.000000000000000000e+01 3.327738654185993100e-02 1.203003673042266942e-02
4.000000000000000000e+01 5.414778334136390731e-02 1.203003673042266942e-02
5.000000000000000000e+01 2.029471785525210209e-02 1.203003673042266942e-02
6.000000000000000000e+01 -3.231895406266389707e-03 1.203003673042266942e-02
7.000000000000000000e+01 -2.045670014137974946e-02 1.203003673042266942e-02
8.000000000000000000e+01 -3.950933468886419497e-02 1.203003673042266942e-02
9.000000000000000000e+01 -6.159063737183671089e-02 1.203003673042266942e-02
1.000000000000000000e+02 -6.707310068356808763e-02 1.203003673042266942e-02
2.000000000000000000e+02 -1.041925430824652138e-01 1.203003673042266942e-02
3.000000000000000000e+02 -1.391554617625534451e-01 1.203003673042266942e-02
4.000000000000000000e+02 -1.202965582296456615e-01 1.203003673042266942e-02
5.000000000000000000e+02 -1.030748660838886471e-01 1.203003673042266942e-02
6.000000000000000000e+02 -5.487042174479399292e-02 1.203003673042266942e-02
7.000000000000000000e+02 -4.826038080596719432e-02 1.203003673042266942e-02
8.000000000000000000e+02 -5.263911408958686644e-02 1.203003673042266942e-02
9.000000000000000000e+02 -3.557693936951357438e-02 1.203003673042266942e-02
1.000000000000000000e+03 -1.397381115686627956e-02 1.203003673042266942e-02
1.100000000000000000e+03 -2.984910649473797306e-02 1.203003673042266942e-02
1.200000000000000000e+03 -2.005138137477519011e-02 1.203003673042266942e-02
1.300000000000000000e+03 -3.863042313107402370e-02 1.203003673042266942e-02
1.400000000000000000e+03 -2.431684882454723806e-02 1.203003673042266942e-02
