-2.000000000000000000e+00 -7.730152974030286665e-03 2.180152586459294106e-02
-1.899999999999999911e+00 2.977898280215592053e-02 2.180152586459294106e-02
-1.799999999999999822e+00 2.432927083364494134e-02 2.180152586459294106e-02
-1.699999999999999734e+00 3.325217310821388522e-02 2.180152586459294106e-02
-1.599999999999999645e+00 1.460827981828925412e-02 2.180152586459294106e-02
-1.499999999999999556e+00 -7.535881396883226287e-03 2.180152586459294106e-02
-1.399999999999999467e+00 1.420679085266205594e-02 2.180152586459294106e-02
-1.299999999999999378e+00 -1.557407983149073326e-02 2.180152586459294106e-02
-1.199999999999999289e+00 -3.264197813067287041e-02 2.180152586459294106e-02
-1.099999999999999201e+00 -2.989729266674887899e-03 2.180152586459294106e-02
-1.000000000000000000e+00 -3.270448222678463968e-02 2.180152586459294106e-02
-9.499999999999999556e-01 8.906993921784010435e-03 2.180152586459294106e-02
-8.999999999999999112e-01 1.111415620873059708e-02 2.180152586459294106e-02
-8.499999999999998668e-01 4.732901509263673194e-03 2.180152586459294106e-02
-7.999999999999998224e-01 1.220610617592555146e-02 2.180152586459294106e-02
-7.499999999999997780e-01 4.551504037224413796e-02 2.180152586459294106e-02
-6.999999999999997335e-01 3.276615436854407593e-02 2.180152586459294106e-02
-6.499999999999996891e-01 1.625645239670888559e-02 2.180152586459294106e-02
-5.999999999999996447e-01 5.796891255406825172e-05 2.180152586459294106e-02
-5.499999999999996003e-01 -5.781517631594193518e-02 2.180152586459294106e-02
-4.999999999999995559e-01 -2.639984536645791080e-02 2.180152586459294106e-02
-4.499999999999995115e-01 -3.969225587503782959e-02 2.180152586459294106e-02
-3.999999999999994671e-01 3.247944302143706869e-04 2.180152586459294106e-02
-3.499999999999994227e-01 -2.865799393090797580e-04 2.180152586459294106e-02
-2.999999999999993783e-01 5.937882163281114553e-03 2.180152586459294106e-02
-2.499999999999993339e-01 -1.254644987509037635e-02 2.180152586459294106e-02
-1.999999999999992895e-01 -6.058304785832070716e-02 2.180152586459294106e-02
-1.499999999999992450e-01 -9.463544463830529663e-02 2.180152586459294106e-02
-9.999999999999920064e-02 -2.257266240975411564e-01 2.180152586459294106e-02
-4.999999999999915623e-02 -3.890867437934145689e-01 2.180152586459294106e-02
8.881784197001252323e-16 -4.682239911720685877e-01 2.180152586459294106e-02
5.000000000000093259e-02 -4.501780223409719839e-01 2.180152586459294106e-02
1.000000000000009770e-01 -3.883152855751792476e-01 2.180152586459294106e-02
1.500000000000010214e-01 -4.264561938416950859e-01 2.180152586459294106e-02
2.000000000000010658e-01 -3.869341813768129579e-01 2.180152586459294106e-02
2.500000000000011102e-01 -3.402833619040402380e-01 2.180152586459294106e-02
3.000000000000011546e-01 -3.731707527144162984e-01 2.180152586459294106e-02
3.500000000000011990e-01 -3.205905205429724347e-01 2.180152586459294106e-02
4.000000000000012434e-01 -3.295700252928261409e-01 2.180152586459294106e-02
4.500000000000012879e-01 -2.683752333670866852e-01 2.180152586459294106e-02
5.000000000000013323e-01 -2.952313988846065329e-01 2.180152586459294106e-02
5.500000000000013767e-01 -2.327762309317101819e-01 2.180152586459294106e-02
6.000000000000014211e-01 -2.523073559103360397e-01 2.180152586459294106e-02
6.500000000000014655e-01 -2.533140275578962819e-01 2.180152586459294106e-02
7.000000000000015099e-01 -2.135812615900387623e-01 2.180152586459294106e-02
7.500000000000015543e-01 -2.167796762538007072e-01 2.180152586459294106e-02
8.000000000000015987e-01 -1.799843732295524912e-01 2.180152586459294106e-02
8.500000000000016431e-01 -1.511863090367558393e-01 2.180152586459294106e-02
9.000000000000016875e-01 -1.546305172473519673e-01 2.180152586459294106e-02
9.500000000000017319e-01 -1.060820928425752069e-01 2.180152586459294106e-02
1.000000000000000000e+00 -1.248372642270110661e-01 2.180152586459294106e-02
2.000000000000000000e+00 1.474257527684800506e-01 2.180152586459294106e-02
3.000000000000000000e+00 3.529764814325567768e-01 2.180152586459294106e-02
4.000000000000000000e+00 4.748522633015936356e-01 2.180152586459294106e-02
5.000000000000000000e+00 6.476867955737724003e-01 2.180152586459294106e-02
6.000000000000000000e+00 6.795292650762099207e-01 2.180152586459294106e-02
7.000000000000000000e+00 7.695971342952975247e-01 2.180152586459294106e-02
8.000000000000000000e+00 8.085583349165056388e-01 2.180152586459294106e-02
9.000000000000000000e+00 8.298204297123112916e-01 2.180152586459294106e-02
1.000000000000000000e+01 8.476731115662801130e-01 2.180152586459294106e-02
2.000000000000000000e+01 8.784461647989502131e-01 2.180152586459294106e-02
3.000000000000000000e+01 8.219807142274215828e-01 2.180152586459294106e-02
4.000000000000000000e+01 7.380269966740539145e-01 2.180152586459294106e-02
5.000000000000000000e+01 7.006361524886849379e-01 2.180152586459294106e-02
6.000000000000000000e+01 6.072961030166944552e-01 2.180152586459294106e-02
7.000000000000000000e+01 6.115886070400252672e-01 2.180152586459294106e-02
8.000000000000000000e+01 5.610113513073187175e-01 2.180152586459294106e-02
9.000000000000000000e+01 5.781015538751461680e-01 2.180152586459294106e-02
1.000000000000000000e+02 4.644501675122363338e-01 2.180152586459294106e-02
2.000000000000000000e+02 2.802470487237963548e-01 2.180152586459294106e-02
3.000000000000000000e+02 1.682689947053731816e-01 2.180152586459294106e-02
4.000000000000000000e+02 1.293454327950866178e-01 2.180152586459294106e-02
5.000000000000000000e+02 7.668703349160861660e-02 2.180152586459294106e-02
6.000000000000000000e+02 5.186486986069131777e-02 2.180152586459294106e-02
7.000000000000000000e+02 7.175662984263307675e-02 2.180152586459294106e-02
8.000000000000000000e+02 4.055429284929048389e-02 2.180152586459294106e-02
9.000000000000000000e+02 8.011270489844511677e-02 2.180152586459294106e-02
1.000000000000000000e+03 6.123192170035476889e-02 2.180152586459294106e-02
1.100000000000000000e+03 3.867210090284557006e-02 2.180152586459294106e-02
1.200000000000000000e+03 2.568534526188839817e-02 2.180152586459294106e-02
1.300000000000000000e+03 1.604372677495342556e-02 2.180152586459294106e-02
1.400000000000000000e+03 3.178662017439067705e-02 2.180152586459294106e-02
