-2.000000000000000000e+00 -3.427758851333082696e-02 2.173150264300658871e-02
-1.899999999999999911e+00 8.931661653341754423e-03 2.173150264300658871e-02
-1.799999999999999822e+00 1.274951705703170242e-02 2.173150264300658871e-02
-1.699999999999999734e+00 -2.014190234805868576e-02 2.173150264300658871e-02
-1.599999999999999645e+00 3.280240372330685966e-02 2.173150264300658871e-02
-1.499999999999999556e+00 -6.363511068186594906e-03 2.173150264300658871e-02
-1.399999999999999467e+00 1.502110070347993480e-02 2.173150264300658871e-02
-1.299999999999999378e+00 4.406522997420506127e-02 2.173150264300658871e-02
-1.199999999999999289e+00 2.221339312685358808e-02 2.173150264300658871e-02
-1.099999999999999201e+00 5.216376873719012937e-03 2.173150264300658871e-02
-1.000000000000000000e+00 -2.849121149281996952e-03 2.173150264300658871e-02
-9.499999999999999556e-01 -2.836029199798758768e-02 2.173150264300658871e-02
-8.999999999999999112e-01 1.770065805914526613e-02 2.173150264300658871e-02
-8.499999999999998668e-01 1.717815170453733387e-02 2.173150264300658871e-02
-7.999999999999998224e-01 -1.407198603385989392e-02 2.173150264300658871e-02
-7.499999999999997780e-01 -2.108591342040105161e-04 2.173150264300658871e-02
-6.999999999999997335e-01 -2.293153570123872623e-02 2.173150264300658871e-02
-6.499999999999996891e-01 -3.393800508742825933e-02 2.173150264300658871e-02
-5.999999999999996447e-01 -4.614091864599500353e-03 2.173150264300658871e-02
-5.499999999999996003e-01 1.382822570614158225e-02 2.173150264300658871e-02
-4.999999999999995559e-01 5.191346627124388338e-03 2.173150264300658871e-02
-4.499999999999995115e-01 1.795190625551261812e-02 2.173150264300658871e-02
-3.999999999999994671e-01 -1.642290313444541919e-02 2.173150264300658871e-02
-3.499999999999994227e-01 3.952168018376539527e-02 2.173150264300658871e-02
-2.999999999999993783e-01 -2.881630655102551675e-02 2.173150264300658871e-02
-2.499999999999993339e-01 2.213042986311436824e-02 2.173150264300658871e-02
-1.999999999999992895e-01 2.446153655478883887e-02 2.173150264300658871e-02
-1.499999999999992450e-01 4.680841346276240489e-02 2.173150264300658871e-02
-9.999999999999920064e-02 1.056808258451391452e-01 2.173150264300658871e-02
-4.999999999999915623e-02 3.087786369602788517e-01 2.173150264300658871e-02
8.881784197001252323e-16 4.211598083019719163e-01 2.173150264300658871e-02
5.000000000000093259e-02 5.586479417436299721e-01 2.173150264300658871e-02
1.000000000000009770e-01 4.923329741844585383e-01 2.173150264300658871e-02
1.500000000000010214e-01 3.980477625792455121e-01 2.173150264300658871e-02
2.000000000000010658e-01 3.682970213457305575e-01 2.173150264300658871e-02
2.500000000000011102e-01 4.289722943533665900e-01 2.173150264300658871e-02
3.000000000000011546e-01 5.051310407739825203e-01 2.173150264300658871e-02
3.500000000000011990e-01 6.278723040911110553e-01 2.173150264300658871e-02
4.000000000000012434e-01 6.927269823737552956e-01 2.173150264300658871e-02
4.500000000000012879e-01 6.776372141630888635e-01 2.173150264300658871e-02
5.000000000000013323e-01 6.316174586703465765e-01 2.173150264300658871e-02
5.500000000000013767e-01 4.758411722038042302e-01 2.173150264300658871e-02
6.000000000000014211e-01 4.631896647924292343e-01 2.173150264300658871e-02
6.500000000000014655e-01 4.891006882052704730e-01 2.173150264300658871e-02
7.000000000000015099e-01 5.583090298402659801e-01 2.173150264300658871e-02
7.500000000000015543e-01 6.485711870340085117e-01 2.173150264300658871e-02
8.000000000000015987e-01 7.272432906506489658e-01 2.173150264300658871e-02
8.500000000000016431e-01 6.659579817160728998e-01 2.173150264300658871e-02
9.000000000000016875e-01 6.594546961519746064e-01 2.173150264300658871e-02
9.500000000000017319e-01 5.765320368597438572e-01 2.173150264300658871e-02
1.000000000000000000e+00 5.116791686706770870e-01 2.173150264300658871e-02
2.000000000000000000e+00 7.530683067971565281e-01 2.173150264300658871e-02
3.000000000000000000e+00 7.110508494550856762e-01 2.173150264300658871e-02
4.000000000000000000e+00 7.917299971062613517e-01 2.173150264300658871e-02
5.000000000000000000e+00 8.600676247994311074e-01 2.173150264300658871e-02
6.000000000000000000e+00 8.266075983486017575e-01 2.173150264300658871e-02
7.000000000000000000e+00 8.512617097381572906e-01 2.173150264300658871e-02
8.000000000000000000e+00 8.294923397315807634e-01 2.173150264300658871e-02
9.000000000000000000e+00 9.111243057877557172e-01 2.173150264300658871e-02
1.000000000000000000e+01 8.508968813616213378e-01 2.173150264300658871e-02
2.000000000000000000e+01 8.419045168928279699e-01 2.173150264300658871e-02
3.000000000000000000e+01 7.675984258617324363e-01 2.173150264300658871e-02
4.000000000000000000e+01 7.279491081786005902e-01 2.173150264300658871e-02
5.000000000000000000e+01 6.355487481301864694e-01 2.173150264300658871e-02
6.000000000000000000e+01 5.975262516482867658e-01 2.173150264300658871e-02
7.000000000000000000e+01 5.415811408217484635e-01 2.173150264300658871e-02
8.000000000000000000e+01 5.607836285989535874e-01 2.173150264300658871e-02
9.000000000000000000e+01 4.928522719764657500e-01 2.173150264300658871e-02
1.000000000000000000e+02 4.747181954667600845e-01 2.173150264300658871e-02
2.000000000000000000e+02 2.292060647122402539e-01 2.173150264300658871e-02
3.000000000000000000e+02 1.857497925143926920e-01 2.173150264300658871e-02
4.000000000000000000e+02 1.001167789618098852e-01 2.173150264300658871e-02
5.000000000000000000e+02 7.709325501397518154e-02 2.173150264300658871e-02
6.000000000000000000e+02 3.621181791984730974e-02 2.173150264300658871e-02
7.000000000000000000e+02 5.182240068520408555e-02 2.173150264300658871e-02
8.000000000000000000e+02 2.178031957351525549e-02 2.173150264300658871e-02
9.000000000000000000e+02 6.188135195063608485e-02 2.173150264300658871e-02
1.000000000000000000e+03 1.385636975411780498e-02 2.173150264300658871e-02
1.100000000000000000e+03 -2.847031805174215016e-02 2.173150264300658871e-02
1.200000000000000000e+03 3.359142982417989698e-02 2.173150264300658871e-02
1.300000000000000000e+03 6.036326648694556249e-03 2.173150264300658871e-02
1.400000000000000000e+03 1.312302242867627658e-02 2.173150264300658871e-02
