3400	2.22044604925031E-16	0.01
3399	2.22044604925031E-16	0.01
3398	2.22044604925031E-16	0.01
3397	2.22044604925031E-16	0.01
3396	2.22044604925031E-16	0.01
3395	2.22044604925031E-16	0.01
3394	2.22044604925031E-16	0.01
3393	2.22044604925031E-16	0.01
3392	2.22044604925031E-16	0.01
3391	2.22044604925031E-16	0.01
3390	2.22044604925031E-16	0.01
3389	2.22044604925031E-16	0.01
3388	2.22044604925031E-16	0.01
3387	2.22044604925031E-16	0.01
3386	2.22044604925031E-16	0.01
3385	2.22044604925031E-16	0.01
3384	2.22044604925031E-16	0.01
3383	2.22044604925031E-16	0.01
3382	2.22044604925031E-16	0.01
3381	2.22044604925031E-16	0.01
3380	2.22044604925031E-16	0.01
3379	2.22044604925031E-16	0.01
3378	2.22044604925031E-16	0.01
3377	2.22044604925031E-16	0.01
3376	2.22044604925031E-16	0.01
3375	2.22044604925031E-16	0.01
3374	2.22044604925031E-16	0.01
3373	2.22044604925031E-16	0.01
3372	2.22044604925031E-16	0.01
3371	2.22044604925031E-16	0.01
3370	2.22044604925031E-16	0.01
3369	2.22044604925031E-16	0.01
3368	2.22044604925031E-16	0.01
3367	2.22044604925031E-16	0.01
3366	2.22044604925031E-16	0.01
3365	2.22044604925031E-16	0.01
3364	2.22044604925031E-16	0.01
3363	2.22044604925031E-16	0.01
3362	2.22044604925031E-16	0.01
3361	2.22044604925031E-16	0.01
3360	2.22044604925031E-16	0.01
3359	2.22044604925031E-16	0.01
3358	2.22044604925031E-16	0.01
3357	2.22044604925031E-16	0.01
3356	2.22044604925031E-16	0.01
3355	2.22044604925031E-16	0.01
3354	2.22044604925031E-16	0.01
3353	2.22044604925031E-16	0.01
3352	2.22044604925031E-16	0.01
3351	2.22044604925031E-16	0.01
3350	2.22044604925031E-16	0.01
3349	2.22044604925031E-16	0.01
3348	2.22044604925031E-16	0.01
3347	2.22044604925031E-16	0.01
3346	2.22044604925031E-16	0.01
3345	2.22044604925031E-16	0.01
3344	2.22044604925031E-16	0.01
3343	2.22044604925031E-16	0.01
3342	2.22044604925031E-16	0.01
3341	2.22044604925031E-16	0.01
3340	2.22044604925031E-16	0.01
3339	2.22044604925031E-16	0.01
3338	2.22044604925031E-16	0.01
3337	2.22044604925031E-16	0.01
3336	2.22044604925031E-16	0.01
3335	2.22044604925031E-16	0.01
3334	2.22044604925031E-16	0.01
3333	2.22044604925031E-16	0.01
3332	2.22044604925031E-16	0.01
3331	2.22044604925031E-16	0.01
3330	2.22044604925031E-16	0.01
3329	2.22044604925031E-16	0.01
3328	2.22044604925031E-16	0.01
3327	2.22044604925031E-16	0.01
3326	2.22044604925031E-16	0.01
3325	2.22044604925031E-16	0.01
3324	2.22044604925031E-16	0.01
3323	2.22044604925031E-16	0.01
3322	2.22044604925031E-16	0.01
3321	2.22044604925031E-16	0.01
3320	2.22044604925031E-16	0.01
3319	2.22044604925031E-16	0.01
3318	2.22044604925031E-16	0.01
3317	2.22044604925031E-16	0.01
3316	2.22044604925031E-16	0.01
3315	2.22044604925031E-16	0.01
3314	2.22044604925031E-16	0.01
3313	2.22044604925031E-16	0.01
3312	2.22044604925031E-16	0.01
3311	2.22044604925031E-16	0.01
3310	2.22044604925031E-16	0.01
3309	2.22044604925031E-16	0.01
3308	2.22044604925031E-16	0.01
3307	2.22044604925031E-16	0.01
3306	2.22044604925031E-16	0.01
3305	2.22044604925031E-16	0.01
3304	2.22044604925031E-16	0.01
3303	2.22044604925031E-16	0.01
3302	2.22044604925031E-16	0.01
3301	2.22044604925031E-16	0.01
3300	2.22044604925031E-16	0.01
3299	2.22044604925031E-16	0.01
3298	2.22044604925031E-16	0.01
3297	2.22044604925031E-16	0.01
3296	2.22044604925031E-16	0.01
3295	2.22044604925031E-16	0.01
3294	2.22044604925031E-16	0.01
3293	2.22044604925031E-16	0.01
3292	2.22044604925031E-16	0.01
3291	2.22044604925031E-16	0.01
3290	2.22044604925031E-16	0.01
3289	2.22044604925031E-16	0.01
3288	2.22044604925031E-16	0.01
3287	2.22044604925031E-16	0.01
3286	2.22044604925031E-16	0.01
3285	2.22044604925031E-16	0.01
3284	2.22044604925031E-16	0.01
3283	2.22044604925031E-16	0.01
3282	2.22044604925031E-16	0.01
3281	2.22044604925031E-16	0.01
3280	2.22044604925031E-16	0.01
3279	2.22044604925031E-16	0.01
3278	2.22044604925031E-16	0.01
3277	2.22044604925031E-16	0.01
3276	2.22044604925031E-16	0.01
3275	2.22044604925031E-16	0.01
3274	2.22044604925031E-16	0.01
3273	2.22044604925031E-16	0.01
3272	2.22044604925031E-16	0.01
3271	2.22044604925031E-16	0.01
3270	2.22044604925031E-16	0.01
3269	2.22044604925031E-16	0.01
3268	2.22044604925031E-16	0.01
3267	2.22044604925031E-16	0.01
3266	2.22044604925031E-16	0.01
3265	2.22044604925031E-16	0.01
3264	2.22044604925031E-16	0.01
3263	2.22044604925031E-16	0.01
3262	2.22044604925031E-16	0.01
3261	2.22044604925031E-16	0.01
3260	2.22044604925031E-16	0.01
3259	2.22044604925031E-16	0.01
3258	2.22044604925031E-16	0.01
3257	2.22044604925031E-16	0.01
3256	2.22044604925031E-16	0.01
3255	2.22044604925031E-16	0.01
3254	2.22044604925031E-16	0.01
3253	2.22044604925031E-16	0.01
3252	2.22044604925031E-16	0.01
3251	2.22044604925031E-16	0.01
3250	2.22044604925031E-16	0.01
3249	2.22044604925031E-16	0.01
3248	2.22044604925031E-16	0.01
3247	2.22044604925031E-16	0.01
3246	2.22044604925031E-16	0.01
3245	2.22044604925031E-16	0.01
3244	2.22044604925031E-16	0.01
3243	2.22044604925031E-16	0.01
3242	2.22044604925031E-16	0.01
3241	2.22044604925031E-16	0.01
3240	2.22044604925031E-16	0.01
3239	2.22044604925031E-16	0.01
3238	2.22044604925031E-16	0.01
3237	2.22044604925031E-16	0.01
3236	2.22044604925031E-16	0.01
3235	2.22044604925031E-16	0.01
3234	2.22044604925031E-16	0.01
3233	2.22044604925031E-16	0.01
3232	2.22044604925031E-16	0.01
3231	2.22044604925031E-16	0.01
3230	2.22044604925031E-16	0.01
3229	2.22044604925031E-16	0.01
3228	2.22044604925031E-16	0.01
3227	2.22044604925031E-16	0.01
3226	2.22044604925031E-16	0.01
3225	2.22044604925031E-16	0.01
3224	2.22044604925031E-16	0.01
3223	2.22044604925031E-16	0.01
3222	2.22044604925031E-16	0.01
3221	2.22044604925031E-16	0.01
3220	2.22044604925031E-16	0.01
3219	2.22044604925031E-16	0.01
3218	2.22044604925031E-16	0.01
3217	2.22044604925031E-16	0.01
3216	2.22044604925031E-16	0.01
3215	2.22044604925031E-16	0.01
3214	2.22044604925031E-16	0.01
3213	2.22044604925031E-16	0.01
3212	2.22044604925031E-16	0.01
3211	2.22044604925031E-16	0.01
3210	2.22044604925031E-16	0.01
3209	2.22044604925031E-16	0.01
3208	2.22044604925031E-16	0.01
3207	2.22044604925031E-16	0.01
3206	2.22044604925031E-16	0.01
3205	2.22044604925031E-16	0.01
3204	2.22044604925031E-16	0.01
3203	2.22044604925031E-16	0.01
3202	2.22044604925031E-16	0.01
3201	-2.22044604925031E-16	0.01
3200	-2.22044604925031E-16	0.01
3199	-2.22044604925031E-16	0.01
3198	-2.22044604925031E-16	0.01
3197	6.66133814775094E-16	0.01
3196	1.55431223447522E-15	0.01
3195	1.99840144432528E-15	0.01
3194	1.55431223447522E-15	0.01
3193	-6.66133814775094E-16	0.01
3192	-3.5527136788005E-15	0.01
3191	-6.66133814775094E-15	0.01
3190	-6.66133814775094E-15	0.01
3189	-2.44249065417534E-15	0.01
3188	8.21565038222616E-15	0.01
3187	1.99840144432528E-14	0.01
3186	2.64233079860787E-14	0.01
3185	1.99840144432528E-14	0.01
3184	-7.32747196252603E-15	0.01
3183	-5.24025267623074E-14	0.01
3182	-9.08162434143378E-14	0.01
3181	-9.45910016980633E-14	0.01
3180	-3.5527136788005E-14	0.01
3179	1.0680345496894E-13	0.01
3178	2.75557354711964E-13	0.01
3177	3.68371999570627E-13	0.01
3176	2.8110846983509E-13	0.01
3175	-9.03721542044877E-14	0.01
3174	-7.16982029302926E-13	0.01
3173	-1.25721655308553E-12	0.01
3172	-1.32294175614334E-12	0.01
3171	-5.27133892092024E-13	0.01
3170	1.4290790772975E-12	0.01
3169	3.79096753988506E-12	0.01
3168	5.12345721404017E-12	0.01
3167	3.97859523104671E-12	0.01
3166	-1.0857981180834E-12	0.01
3165	-9.77928849010823E-12	0.01
3164	-1.73920877699629E-11	0.01
3163	-1.8523182987451E-11	0.01
3162	-7.77111708316625E-12	0.01
3161	1.91389126769082E-11	0.01
3160	5.21309662104841E-11	0.01
3159	7.12425674009865E-11	0.01
3158	5.63151747456914E-11	0.01
3157	-1.27742261213371E-11	0.01
3156	-1.33319133510668E-10	0.01
3155	-2.40538255980027E-10	0.01
3154	-2.59198218444112E-10	0.01
3153	-1.14067422174458E-10	0.01
3152	2.56008769738969E-10	0.01
3151	7.16668724365377E-10	0.01
3150	9.904208564393E-10	0.01
3149	7.9649487005895E-10	0.01
3148	-1.45604195367355E-10	0.01
3147	-1.81656423237087E-9	0.01
3146	-3.32588911966525E-9	0.01
3145	-3.62572794010418E-9	0.01
3144	-1.66823022063056E-9	0.01
3143	3.41932615555152E-9	0.01
3142	9.84929338088136E-9	0.01
3141	1.37654534437814E-8	0.01
3140	1.12571738597467E-8	0.01
3139	-1.58430002450416E-9	0.01
3138	-2.47384908114157E-8	0.01
3137	-4.59753382031636E-8	0.01
3136	-5.07001625127401E-8	0.01
3135	-2.43182844972267E-8	0.01
3134	4.55959459078059E-8	0.01
3133	1.35317561378301E-7	0.01
3132	1.9127265771246E-7	0.01
3131	1.58993150645159E-7	0.01
3130	-1.59788695608398E-8	0.01
3129	-3.3670736376834E-7	0.01
3128	-6.35381937952317E-7	0.01
3127	-7.08724935183369E-7	0.01
3126	-3.53458698532094E-7	0.01
3125	6.06958487248122E-7	0.01
3124	1.8585026513307E-6	0.01
3123	2.65709851587914E-6	0.01
3122	2.24410353721893E-6	0.01
3121	-1.39089363138112E-7	0.01
3120	-4.58015662907485E-6	0.01
3119	-8.77883575856053E-6	0.01
3118	-9.90383423427055E-6	0.01
3117	-5.12385953910233E-6	0.01
3116	8.06453303270338E-6	0.01
3115	2.55169929352927E-5	0.01
3114	3.69024716007083E-5	0.01
3113	3.16544415026598E-5	0.01
3112	-7.93590048786541E-7	0.01
3111	-6.22654442816728E-5	0.01
3110	-1.21263582871123E-4	0.01
3109	-1.38353188230633E-4	0.01
3108	-7.40994427734787E-5	0.01
3107	1.0879134838615E-4	0.01
3106	3.99429973477083E-4	0.01
3105	7.39327527716993E-4	0.01
3104	0.00106797063177533	0.01
3103	0.00132484590632065	0.01
3102	0.00146410679367559	0.01
3101	0.00149977819886127	0.01
3100	0.00146116008998809	0.01
3099	0.00137755243981474	0.01
3098	0.00127826776264528	0.01
3097	0.00119293328075587	0.01
3096	0.00115150623924487	0.01
3095	0.00118395948989436	0.01
3094	0.00132026588448531	0.01
3093	0.00157631207754116	0.01
3092	0.00190639494814859	0.01
3091	0.00224798288192729	0.01
3090	0.00253854386247943	0.01
3089	0.00271870332922153	0.01
3088	0.00281790603148102	0.01
3087	0.00296447192844296	0.01
3086	0.00329189687042719	0.01
3085	0.00393367670775313	0.01
3084	0.00497686304677325	0.01
3083	0.00629096314032274	0.01
3082	0.0076818434840833	0.01
3081	0.00895536265633701	0.01
3080	0.00992224134036523	0.01
3079	0.0105474426406227	0.01
3078	0.0109782226038777	0.01
3077	0.0113723586311425	0.01
3076	0.0118876281234297	0.01
3075	0.0126331429419499	0.01
3074	0.013473749389886	0.01
3073	0.0141978200402026	0.01
3072	0.0145937010556378	0.01
3071	0.0144570628990282	0.01
3070	0.0138473831886947	0.01
3069	0.0131551976395414	0.01
3068	0.0127920342364394	0.01
3067	0.0131694209642605	0.01
3066	0.0146056853806844	0.01
3065	0.0169176666793549	0.01
3064	0.0197542695414248	0.01
3063	0.0227642779082777	0.01
3062	0.0256034020007025	0.01
3061	0.0282127739471758	0.01
3060	0.030913930244086	0.01
3059	0.0340548229339923	0.01
3058	0.0379834040594536	0.01
3057	0.0429233125726292	0.01
3056	0.0483807334961264	0.01
3055	0.0536050253370733	0.01
3054	0.057845220698667	0.01
3053	0.0603617903934216	0.01
3052	0.0609592138962339	0.01
3051	0.060212193883309	0.01
3050	0.0587538359147048	0.01
3049	0.05721724555048	0.01
3048	0.0561136747436971	0.01
3047	0.0551995661129647	0.01
3046	0.053942712457087	0.01
3045	0.0518103256316464	0.01
3044	0.0482777961776657	0.01
3043	0.0432739815843683	0.01
3042	0.0374099898922344	0.01
3041	0.0313532714503604	0.01
3040	0.0257712766078431	0.01
3039	0.0212832145901869	0.01
3038	0.0181873110642181	0.01
3037	0.0166507468445778	0.01
3036	0.0168403145271188	0.01
3035	0.018915989938731	0.01
3034	0.0225920027688529	0.01
3033	0.0268696793711563	0.01
3032	0.0306863760923892	0.01
3031	0.0329794492792981	0.01
3030	0.0328779544174362	0.01
3029	0.0308823222125554	0.01
3028	0.0280903110238846	0.01
3027	0.0256021447827566	0.01
3026	0.0245084910829054	0.01
3025	0.0251530317851354	0.01
3024	0.0266089350130547	0.01
3023	0.0278257558906885	0.01
3022	0.0277530495420608	0.01
3021	0.0255058857512733	0.01
3020	0.021473746451748	0.01
3019	0.016637958823994	0.01
3018	0.0119831139896414	0.01
3017	0.00848861394966738	0.01
3016	0.00664122373552778	0.01
3015	0.00603621456229542	0.01
3014	0.00617498926989901	0.01
3013	0.00655895069826617	0.01
3012	0.00673267265546218	0.01
3011	0.006598936521647	0.01
3010	0.00623778294109623	0.01
3009	0.00573051625222987	0.01
3008	0.00515837746460179	0.01
3007	0.00459516613310695	0.01
3006	0.00410034694411765	0.01
3005	0.00373175388604174	0.01
3004	0.00354722094728843	0.01
3003	0.00359118374899281	0.01
3002	0.00378810962997256	0.01
3001	0.00399924439391675	0.01
3000	0.00408526647575069	0.01
2999	0.00390744744032245	0.01
2998	0.00341531158221198	0.01
2997	0.0027394535357752	0.01
2996	0.00203268811895296	0.01
2995	0.00144783014968564	0.01
2994	0.00112227726474656	0.01
2993	0.00104422742474153	0.01
2992	0.00111819189592599	0.01
2991	0.00124775688006706	0.01
2990	0.00133673980824844	0.01
2989	0.00133375727863738	0.01
2988	0.00128538112320276	0.01
2987	0.00125113298996515	0.01
2986	0.00129053452694361	0.01
2985	0.00145667771689961	0.01
2984	0.00173528604988893	0.01
2983	0.00207188360269073	0.01
2982	0.00241145694494915	0.01
2981	0.00269903672570559	0.01
2980	0.00289116840852177	0.01
2979	0.00297124609331645	0.01
2978	0.00292648312651456	0.01
2977	0.00274409285454036	0.01
2976	0.00241732859954502	0.01
2975	0.00200809575957517	0.01
2974	0.00162186050812263	0.01
2973	0.00136478288984354	0.01
2972	0.00134284196332612	0.01
2971	0.00159536086877576	0.01
2970	0.00199582214375771	0.01
2969	0.00239235035368779	0.01
2968	0.00263307006398161	0.01
2967	0.00258013887898656	0.01
2966	0.00226911868809432	0.01
2965	0.00185252314693862	0.01
2964	0.00148505649524533	0.01
2963	0.00132130101922834	0.01
2962	0.0014486760382324	0.01
2961	0.00177617668549934	0.01
2960	0.00218349889066571	0.01
2959	0.00255033858336673	0.01
2958	0.00276407209176699	0.01
2957	0.00281550073357484	0.01
2956	0.00276954413362995	0.01
2955	0.00269273624319899	0.01
2954	0.00265157857432374	0.01
2953	0.00268360634019671	0.01
2952	0.00274413563782461	0.01
2951	0.00277399409599632	0.01
2950	0.00271400934350008	0.01
2949	0.00251025492454193	0.01
2948	0.00218599347720039	0.01
2947	0.00182324733818362	0.01
2946	0.00150551267758114	0.01
2945	0.00131626102010407	0.01
2944	0.00129882538235915	0.01
2943	0.0013747316781787	0.01
2942	0.00144248632539279	0.01
2941	0.00140059574183016	0.01
2940	0.00115577498093922	0.01
2939	7.4710796926003E-4	0.01
2938	3.20689179870159E-4	0.01
2937	2.56780443850246E-5	0.01
2936	1.12170320507587E-5	0.01
2935	3.6575350738044E-4	0.01
2934	9.80695331101789E-4	0.01
2933	0.00170753581287619	0.01
2932	0.00239776826236415	0.01
2931	0.00290753341815542	0.01
2930	0.0031753741023155	0.01
2929	0.00321056460104474	0.01
2928	0.00302467542663898	0.01
2927	0.00262927866450635	0.01
2926	0.002053283403332	0.01
2925	0.00138583890357413	0.01
2924	7.29169806390706E-4	0.01
2923	1.85500752938994E-4	0.01
2922	-1.47452106381785E-4	0.01
2921	-2.60190818061723E-4	0.01
2920	-2.23608230999206E-4	0.01
2919	-1.11535968165155E-4	0.01
2918	2.19456758676628E-6	0.01
2917	6.05121160235367E-5	0.01
2916	6.87012504614337E-5	0.01
2915	4.65450946516288E-5	0.01
2914	1.38267723459595E-5	0.01
2913	-1.02340913534782E-5	0.01
2912	-1.86357038058915E-5	0.01
2911	-1.61952390949072E-5	0.01
2910	-8.2135692547336E-6	0.01
2909	8.43368352931861E-9	0.01
2908	4.29441763794003E-6	0.01
2907	4.94884376789351E-6	0.01
2906	3.39207645860817E-6	0.01
2905	1.0444800950804E-6	0.01
2904	-7.08859988707289E-7	0.01
2903	-1.33433366311664E-6	0.01
2902	-1.17267298027635E-6	0.01
2901	-6.04463446407522E-7	0.01
2900	-1.0290567065141E-8	0.01
2899	3.04587612021123E-7	0.01
2898	3.56399114220807E-7	0.01
2897	2.4712076829303E-7	0.01
2896	7.87302132376766E-8	0.01
2895	-4.89892113542112E-8	0.01
2894	-9.55086676412975E-8	0.01
2893	-8.48893195737332E-8	0.01
2892	-4.44562175960783E-8	0.01
2891	-1.53441370720486E-9	0.01
2890	2.15888418253485E-8	0.01
2889	2.56576835333533E-8	0.01
2888	1.79941677114215E-8	0.01
2887	5.92086002448866E-9	0.01
2886	-3.37523808902063E-9	0.01
2885	-6.82645406868687E-9	0.01
2884	-6.13204687027746E-9	0.01
2883	-3.25722582239507E-9	0.01
2882	-1.67200253642363E-10	0.01
2881	1.51130130632282E-9	0.01
2880	1.80955916917469E-9	0.01
2879	1.26571664260666E-9	0.01
2878	4.18045376093801E-10	0.01
2877	-2.04226857647427E-10	0.01
2876	-3.83104437062798E-10	0.01
2875	-2.82995626932348E-10	0.01
2874	-9.17770304198484E-11	0.01
2873	2.67608157855648E-12	0.01
2872	-1.37175604209006E-10	0.01
2871	-3.84584586399228E-10	0.01
2870	-5.26367394115823E-10	0.01
2869	-3.49291484624814E-10	0.01
2868	3.50624862477389E-10	0.01
2867	1.41414369103643E-9	0.01
2866	2.20809592832438E-9	0.01
2865	2.06742756247991E-9	0.01
2864	3.27084581641657E-10	0.01
2863	-3.3161757784228E-9	0.01
2862	-7.12847625372603E-9	0.01
2861	-8.66358385032129E-9	0.01
2860	-5.47451484145256E-9	0.01
2859	4.78367101486299E-9	0.01
2858	1.98464675804644E-8	0.01
2857	3.1060789940085E-8	0.01
2856	2.93037571985622E-8	0.01
2855	5.45248846073321E-9	0.01
2854	-4.49756789588918E-8	0.01
2853	-9.84293146988335E-8	0.01
2852	-1.20881979315257E-7	0.01
2851	-7.82891331763125E-8	0.01
2850	6.22171820729989E-8	0.01
2849	2.71774571070083E-7	0.01
2848	4.3061484444884E-7	0.01
2847	4.11682725687257E-7	0.01
2846	8.79229391514968E-8	0.01
2845	-6.08091163867286E-7	0.01
2844	-1.35693723013475E-6	0.01
2843	-1.68484062412766E-6	0.01
2842	-1.11762478138822E-6	0.01
2841	8.05487359700763E-7	0.01
2840	3.71970087442719E-6	0.01
2839	5.96800622010285E-6	0.01
2838	5.78075241253195E-6	0.01
2837	1.38828846796279E-6	0.01
2836	-8.2144689239616E-6	0.01
2835	-1.87014136840968E-5	0.01
2834	-2.34765001903003E-5	0.01
2833	-1.59353010718011E-5	0.01
2832	1.03762051089085E-5	0.01
2831	5.08897434694511E-5	0.01
2830	8.26923543233438E-5	0.01
2829	8.11359791743627E-5	0.01
2828	2.15725595258398E-5	0.01
2827	-1.10865535337679E-4	0.01
2826	-2.57673692141358E-4	0.01
2825	-3.27030716867016E-4	0.01
2824	-2.2694880290075E-4	0.01
2823	1.33560663473142E-4	0.01
2822	7.57075296402343E-4	0.01
2821	0.00148964331481394	0.01
2820	0.00216128027772267	0.01
2819	0.00260200174414349	0.01
2818	0.00266676305168301	0.01
2817	0.00241205013628321	0.01
2816	0.00199187880994844	0.01
2815	0.00156090221256089	0.01
2814	0.00127301272276004	0.01
2813	0.00119937183830743	0.01
2812	0.00125524969037349	0.01
2811	0.00133865561436641	0.01
2810	0.00134759894569592	0.01
2809	0.00119286356236148	0.01
2808	8.96571791788592E-4	0.01
2807	5.38238173807715E-4	0.01
2806	1.97853499923184E-4	0.01
2805	-4.48720235133315E-5	0.01
2804	-1.48537061078979E-4	0.01
2803	-1.48609240416153E-4	0.01
2802	-8.97423359729199E-5	0.01
2801	-1.65901221980125E-5	0.01
2800	2.98151233091293E-5	0.01
2799	4.25360039626455E-5	0.01
2798	3.33448472453757E-5	0.01
2797	1.42065959589655E-5	0.01
2796	-2.93902995784912E-6	0.01
2795	-1.05895444368898E-5	0.01
2794	-1.07290693054374E-5	0.01
2793	-6.56360132533784E-6	0.01
2792	-1.29913725754882E-6	0.01
2791	2.09454283406352E-6	0.01
2790	3.0539108244465E-6	0.01
2789	2.42040935849452E-6	0.01
2788	1.0530826790589E-6	0.01
2787	-1.90317635873072E-7	0.01
2786	-7.54632536681399E-7	0.01
2785	-7.74415848336929E-7	0.01
2784	-4.79847783063647E-7	0.01
2783	-1.01108551087137E-7	0.01
2782	1.46980367432548E-7	0.01
2781	2.19198411643973E-7	0.01
2780	1.75642340005666E-7	0.01
2779	7.79887541213498E-8	0.01
2778	-1.21492207405538E-8	0.01
2777	-5.37531574806849E-8	0.01
2776	-5.58833459507468E-8	0.01
2775	-3.50659821179988E-8	0.01
2774	-7.82726106152154E-9	0.01
2773	1.03018618080597E-8	0.01
2772	1.57288972957304E-8	0.01
2771	1.2742403354693E-8	0.01
2770	5.77056069595017E-9	0.01
2769	-7.61399832072129E-10	0.01
2768	-3.82716058844323E-9	0.01
2767	-4.03168454177205E-9	0.01
2766	-2.5614992349432E-9	0.01
2765	-6.0313198879669E-10	0.01
2764	7.21147364046715E-10	0.01
2763	1.12833320464745E-9	0.01
2762	9.24180065808855E-10	0.01
2761	4.26617408066932E-10	0.01
2760	-4.65534277793722E-11	0.01
2759	-2.72362576936303E-10	0.01
2758	-2.90794721635734E-10	0.01
2757	-1.87039050913995E-10	0.01
2756	-4.62843097182031E-11	0.01
2755	5.0413451191389E-11	0.01
2754	8.09194933282242E-11	0.01
2753	6.70110633649301E-11	0.01
2752	3.15145687324048E-11	0.01
2751	-2.74891220897189E-12	0.01
2750	-1.93736138243139E-11	0.01
2749	-2.09692263553052E-11	0.01
2748	-1.36521904892106E-11	0.01
2747	-3.53894691329515E-12	0.01
2746	3.51918494345682E-12	0.01
2745	5.80158143748122E-12	0.01
2744	4.85766982194491E-12	0.01
2743	2.32613928119463E-12	0.01
2742	-1.53876911213047E-13	0.01
2741	-1.37734268434997E-12	0.01
2740	-1.51167967032961E-12	0.01
2739	-9.9609209769369E-13	0.01
2738	-2.69784194983913E-13	0.01
2737	2.4535928844216E-13	0.01
2736	4.15889545024584E-13	0.01
2735	3.51940698806175E-13	0.01
2734	1.71640479607049E-13	0.01
2733	-7.7715611723761E-15	0.01
2732	-9.79216707719388E-14	0.01
2731	-1.08801856413265E-13	0.01
2730	-7.26085858104852E-14	0.01
2729	-2.04281036531029E-14	0.01
2728	1.70974345792274E-14	0.01
2727	2.97539770599542E-14	0.01
2726	2.55351295663786E-14	0.01
2725	1.28785870856518E-14	0.01
2724	-2.22044604925031E-16	0.01
2723	-6.88338275267597E-15	0.01
2722	-7.7715611723761E-15	0.01
2721	-5.32907051820075E-15	0.01
2720	-1.55431223447522E-15	0.01
2719	1.11022302462516E-15	0.01
2718	2.22044604925031E-15	0.01
2717	1.77635683940025E-15	0.01
2716	1.11022302462516E-15	0.01
2715	2.22044604925031E-16	0.01
2714	-2.22044604925031E-16	0.01
2713	-6.66133814775094E-16	0.01
2712	-2.22044604925031E-16	0.01
2711	-2.22044604925031E-16	0.01
2710	2.22044604925031E-16	0.01
2709	2.22044604925031E-16	0.01
2708	2.22044604925031E-16	0.01
2707	2.22044604925031E-16	0.01
2706	2.22044604925031E-16	0.01
2705	2.22044604925031E-16	0.01
2704	2.22044604925031E-16	0.01
2703	2.22044604925031E-16	0.01
2702	2.22044604925031E-16	0.01
2701	2.22044604925031E-16	0.01
2700	2.22044604925031E-16	0.01
2699	2.22044604925031E-16	0.01
2698	2.22044604925031E-16	0.01
2697	2.22044604925031E-16	0.01
2696	2.22044604925031E-16	0.01
2695	2.22044604925031E-16	0.01
2694	2.22044604925031E-16	0.01
2693	2.22044604925031E-16	0.01
2692	-2.22044604925031E-16	0.01
2691	-6.66133814775094E-16	0.01
2690	-6.66133814775094E-16	0.01
2689	-6.66133814775094E-16	0.01
2688	2.22044604925031E-16	0.01
2687	1.55431223447522E-15	0.01
2686	3.10862446895044E-15	0.01
2685	3.5527136788005E-15	0.01
2684	2.22044604925031E-15	0.01
2683	-2.22044604925031E-15	0.01
2682	-8.65973959207622E-15	0.01
2681	-1.28785870856518E-14	0.01
2680	-1.19904086659517E-14	0.01
2679	-1.33226762955019E-15	0.01
2678	1.99840144432528E-14	0.01
2677	4.19664303308309E-14	0.01
2676	4.9960036108132E-14	0.01
2675	3.04201108747293E-14	0.01
2674	-3.01980662698043E-14	0.01
2673	-1.17239551400417E-13	0.01
2672	-1.8052226380405E-13	0.01
2671	-1.66977542903624E-13	0.01
2670	-2.46469511466785E-14	0.01
2669	2.70228284193763E-13	0.01
2668	5.76427794385381E-13	0.01
2667	6.97664148674448E-13	0.01
2666	4.36983782492462E-13	0.01
2665	-3.93907129137006E-13	0.01
2664	-1.60715885044738E-12	0.01
2663	-2.5042190543445E-12	0.01
2662	-2.35123032155116E-12	0.01
2661	-4.14113188185183E-13	0.01
2660	3.65751873232512E-12	0.01
2659	7.9507511685506E-12	0.01
2658	9.726663918741E-12	0.01
2657	6.24522655812143E-12	0.01
2656	-5.13278308744702E-12	0.01
2655	-2.20079510171445E-11	0.01
2654	-3.4718450336868E-11	0.01
2653	-3.30377947221905E-11	0.01
2652	-6.73927580407963E-12	0.01
2651	4.94644325499394E-11	0.01
2650	1.0961809238097E-10	0.01
2649	1.35583100302483E-10	0.01
2648	8.91930973523358E-11	0.01
2647	-6.65587585046978E-11	0.01
2646	-3.01259239776641E-10	0.01
2645	-4.81213957570503E-10	0.01
2644	-4.63984850540555E-10	0.01
2643	-1.07133413251859E-10	0.01
2642	6.68402888592823E-10	0.01
2641	1.51091095190736E-9	0.01
2640	1.88939375256325E-9	0.01
2639	1.2722645159613E-9	0.01
2638	-8.58977555751039E-10	0.01
2637	-4.12216483169914E-9	0.01
2636	-6.66823596340293E-9	0.01
2635	-6.51328391221284E-9	0.01
2634	-1.67340208356848E-9	0.01
2633	9.02393693102965E-9	0.01
2632	2.08197998841086E-8	0.01
2631	2.63220345519954E-8	0.01
2630	1.81266002208247E-8	0.01
2629	-1.10252129648103E-8	0.01
2628	-5.63807271980465E-8	0.01
2627	-9.23803591401651E-8	0.01
2626	-9.13918511979972E-8	0.01
2625	-2.57829468885973E-8	0.01
2624	1.21715882039908E-7	0.01
2623	2.86809992200432E-7	0.01
2622	3.66604791635083E-7	0.01
2621	2.57975293127544E-7	0.01
2620	-1.40618870769771E-7	0.01
2619	-7.70817487616426E-7	0.01
2618	-1.27951170370011E-6	0.01
2617	-1.28183382686053E-6	0.01
2616	-3.92916164937418E-7	0.01
2615	1.64009983372182E-6	0.01
2614	3.9499398742926E-6	0.01
2613	5.10457907831885E-6	0.01
2612	3.6676716645978E-6	0.01
2611	-1.78022234864628E-6	0.01
2610	-1.05337487321666E-5	0.01
2609	-1.77175921058925E-5	0.01
2608	-1.7971237036285E-5	0.01
2607	-5.93416808958303E-6	0.01
2606	2.2077084097738E-5	0.01
2605	5.43830467538697E-5	0.01
2604	7.1056891989274E-5	0.01
2603	5.20929038505535E-5	0.01
2602	-2.23389043636502E-5	0.01
2601	-1.4388632076634E-4	0.01
2600	-2.45279236625651E-4	0.01
2599	-2.5185530356242E-4	0.01
2598	-8.89521731992637E-5	0.01
2597	3.07270373892443E-4	0.01
2596	8.93449812838343E-4	0.01
2595	0.00156497866773342	0.01
2594	0.00221653198799454	0.01
2593	0.00274292618593441	0.01
2592	0.00306877921336812	0.01
2591	0.00318511817437361	0.01
2590	0.00309194306895	0.01
2589	0.00278925389709817	0.01
2588	0.00228279231529305	0.01
2587	0.00163991356600679	0.01
2586	9.65414565404332E-4	0.01
2585	3.64620264068583E-4	0.01
2584	-5.73123141383025E-5	0.01
2583	-2.4353669716759E-4	0.01
2582	-2.52027220645212E-4	0.01
2581	-1.57446232949221E-4	0.01
2580	-3.44560824574458E-5	0.01
2579	4.69443273269921E-5	0.01
2578	7.10766158966702E-5	0.01
2577	5.73592410073598E-5	0.01
2576	2.57979186113477E-5	0.01
2575	-3.61728086040181E-6	0.01
2574	-1.73423011440299E-5	0.01
2573	-1.8183949464623E-5	0.01
2572	-1.15027412517232E-5	0.01
2571	-2.65919193576103E-6	0.01
2570	3.28767169222033E-6	0.01
2569	5.09927999159387E-6	0.01
2568	4.16053940743844E-6	0.01
2567	1.90779570541366E-6	0.01
2566	-2.23300250512537E-7	0.01
2565	-1.23438107313412E-6	0.01
2564	-1.3116711645722E-6	0.01
2563	-8.40038159255485E-7	0.01
2562	-2.04349692500827E-7	0.01
2561	2.29943735829963E-7	0.01
2560	3.65736777085957E-7	0.01
2559	3.01703887872762E-7	0.01
2558	1.40969842243877E-7	0.01
2557	-1.33687441117303E-8	0.01
2556	-8.78197392584212E-8	0.01
2555	-9.45951941222489E-8	0.01
2554	-6.13265660476259E-8	0.01
2553	-1.56453130450984E-8	0.01
2552	1.60624220590932E-8	0.01
2551	2.62317194632544E-8	0.01
2550	2.1882836875875E-8	0.01
2549	1.04168322856424E-8	0.01
2548	-7.66231078586088E-10	0.01
2547	-6.26353813260039E-9	0.01
2546	-6.85509871090062E-9	0.01
2545	-4.51368786791306E-9	0.01
2544	-1.2120808801086E-9	0.01
2543	1.15481535445383E-9	0.01
2542	1.98307748000559E-9	0.01
2541	1.73114877988212E-9	0.01
2540	8.89074147636393E-10	0.01
2539	-5.3123505594499E-11	0.01
2538	-7.0096173310219E-10	0.01
2537	-9.7641073004695E-10	0.01
2536	-8.66871685545334E-10	0.01
2535	-3.5974379031245E-10	0.01
2534	5.42093037125824E-10	0.01
2533	1.55329304973861E-9	0.01
2532	2.14171791412809E-9	0.01
2531	1.76692438458304E-9	0.01
2530	-1.11500808586129E-10	0.01
2529	-3.52945050963172E-9	0.01
2528	-6.73401645556737E-9	0.01
2527	-7.57602758305609E-9	0.01
2526	-3.90631282876086E-9	0.01
2525	6.17274542591417E-9	0.01
2524	1.94870157788074E-8	0.01
2523	2.81581695737998E-8	0.01
2522	2.41299649150761E-8	0.01
2521	-6.53807452621891E-10	0.01
2520	-4.75567754065764E-8	0.01
2519	-9.25326424372486E-8	0.01
2518	-1.05505610692447E-7	0.01
2517	-5.63998836522472E-8	0.01
2516	8.17881566916867E-8	0.01
2515	2.67337807446921E-7	0.01
2514	3.90862578747431E-7	0.01
2513	3.40115525077067E-7	0.01
2512	2.84970069763801E-9	0.01
2511	-6.46105489110482E-7	0.01
2510	-1.27783065506648E-6	0.01
2509	-1.47341382783495E-6	0.01
2508	-8.13943022981434E-7	0.01
2507	1.08225040751364E-6	0.01
2506	3.66809060925455E-6	0.01
2505	5.42581375184703E-6	0.01
2504	4.79201884417968E-6	0.01
2503	2.03304895141088E-7	0.01
2502	-8.77271194510421E-6	0.01
2501	-1.76422241284779E-5	0.01
2500	-2.05705678333334E-5	0.01
2499	-1.17230510792155E-5	0.01
2498	1.42865603913744E-5	0.01
2497	5.03117603458669E-5	0.01
2496	7.53010243303986E-5	0.01
2495	6.74789854127056E-5	0.01
2494	5.07027666052373E-6	0.01
2493	-1.19034349410851E-4	0.01
2492	-2.43513117760052E-4	0.01
2491	-2.87101564786063E-4	0.01
2490	-1.68532914741171E-4	0.01
2489	1.90515303650995E-4	0.01
2488	7.7560511987862E-4	0.01
2487	0.0014630360124146	0.01
2486	0.0021228349721798	0.01
2485	0.00262502899009487	0.01
2484	0.00286900596969453	0.01
2483	0.00290095304675475	0.01
2482	0.00281284295570061	0.01
2481	0.00269666350314668	0.01
2480	0.00264254421659404	0.01
2479	0.00267417029755279	0.01
2478	0.0027321245114178	0.01
2477	0.00275174736778738	0.01
2476	0.00266837937625919	0.01
2475	0.00243511149978914	0.01
2474	0.00210017282349595	0.01
2473	0.00174353212551615	0.01
2472	0.00144518019735385	0.01
2471	0.00128348735920825	0.01
2470	0.00127056305130768	0.01
2469	0.00133050347445396	0.01
2468	0.00138132368000887	0.01
2467	0.001341038719334	0.01
2466	0.00114545807999344	0.01
2465	8.3268500050715E-4	0.01
2464	4.77304768569109E-4	0.01
2463	1.53947660249232E-4	0.01
2462	-6.37401927723324E-5	0.01
2461	-1.48533044851185E-4	0.01
2460	-1.38705747718904E-4	0.01
2459	-7.74757300427975E-5	0.01
2458	-8.06042049039668E-6	0.01
2457	3.20756968164027E-5	0.01
2456	4.09624831276822E-5	0.01
2455	3.01534314719465E-5	0.01
2454	1.1228616960457E-5	0.01
2453	-4.33305924785188E-6	0.01
2452	-1.06126646375326E-5	0.01
2451	-1.00278515631214E-5	0.01
2450	-5.68149179747124E-6	0.01
2449	-6.76457115877938E-7	0.01
2448	2.26522341817414E-6	0.01
2447	2.94535169431676E-6	0.01
2446	2.19235873144541E-6	0.01
2445	8.37656515484397E-7	0.01
2444	-2.93258227257454E-7	0.01
2443	-7.57997454803316E-7	0.01
2442	-7.24796226592161E-7	0.01
2441	-4.16430712801841E-7	0.01
2440	-5.56770836102061E-8	0.01
2439	1.59843289715411E-7	0.01
2438	2.11727174459497E-7	0.01
2437	1.59351743134195E-7	0.01
2436	6.24096914147998E-8	0.01
2435	-1.97469451901355E-8	0.01
2434	-5.41189097980066E-8	0.01
2433	-5.23743823865885E-8	0.01
2432	-3.05079723705859E-8	0.01
2431	-4.5142891647032E-9	0.01
2430	1.12695814902253E-8	0.01
2429	1.52161065969381E-8	0.01
2428	1.15790872445842E-8	0.01
2427	4.64426541668672E-9	0.01
2426	-1.32189437174191E-9	0.01
2425	-3.86246079564501E-9	0.01
2424	-3.78370423881336E-9	0.01
2423	-2.23398544108022E-9	0.01
2422	-3.61666030457286E-10	0.01
2421	7.93836552048788E-10	0.01
2420	1.09324349573114E-9	0.01
2419	8.41135827656103E-10	0.01
2418	3.4521563385681E-10	0.01
2417	-8.78828121386732E-11	0.01
2416	-2.75555134265915E-10	0.01
2415	-2.73281841600692E-10	0.01
2414	-1.63512092754559E-10	0.01
2413	-2.86937140714372E-11	0.01
2412	5.58655344207182E-11	0.01
2411	7.85262965763423E-11	0.01
2410	6.10851369486909E-11	0.01
2409	2.56330512371505E-11	0.01
2408	-5.79514214393839E-12	0.01
2407	-1.96507254912603E-11	0.01
2406	-1.97331040396875E-11	0.01
2405	-1.19626530903361E-11	0.01
2404	-2.25819363208757E-12	0.01
2403	3.92752497191395E-12	0.01
2402	5.6390447866761E-12	0.01
2401	4.43489689416765E-12	0.01
2400	1.90158999657797E-12	0.01
2399	-3.78364006792253E-13	0.01
2398	-1.40043532326217E-12	0.01
2397	-1.42441614059408E-12	0.01
2396	-8.74855743404623E-13	0.01
2395	-1.765254609154E-13	0.01
2394	2.76001443921814E-13	0.01
2393	4.04787314778332E-13	0.01
2392	3.21964677141295E-13	0.01
2391	1.40998324127395E-13	0.01
2390	-2.42028619368284E-14	0.01
2389	-9.96980276113391E-14	0.01
2388	-1.0280665208029E-13	0.01
2387	-6.3726801613484E-14	0.01
2386	-1.37667655053519E-14	0.01
2385	1.93178806284777E-14	0.01
2384	2.93098878501041E-14	0.01
2383	2.33146835171283E-14	0.01
2382	1.04360964314765E-14	0.01
2381	-1.55431223447522E-15	0.01
2380	-6.88338275267597E-15	0.01
2379	-7.32747196252603E-15	0.01
2378	-4.44089209850063E-15	0.01
2377	-1.11022302462516E-15	0.01
2376	1.55431223447522E-15	0.01
2375	1.99840144432528E-15	0.01
2374	1.77635683940025E-15	0.01
2373	6.66133814775094E-16	0.01
2372	2.22044604925031E-16	0.01
2371	-2.22044604925031E-16	0.01
2370	-2.22044604925031E-16	0.01
2369	-2.22044604925031E-16	0.01
2368	2.22044604925031E-16	0.01
2367	2.22044604925031E-16	0.01
2366	2.22044604925031E-16	0.01
2365	2.22044604925031E-16	0.01
2364	2.22044604925031E-16	0.01
2363	2.22044604925031E-16	0.01
2362	2.22044604925031E-16	0.01
2361	2.22044604925031E-16	0.01
2360	2.22044604925031E-16	0.01
2359	2.22044604925031E-16	0.01
2358	2.22044604925031E-16	0.01
2357	2.22044604925031E-16	0.01
2356	2.22044604925031E-16	0.01
2355	2.22044604925031E-16	0.01
2354	2.22044604925031E-16	0.01
2353	2.22044604925031E-16	0.01
2352	2.22044604925031E-16	0.01
2351	2.22044604925031E-16	0.01
2350	2.22044604925031E-16	0.01
2349	2.22044604925031E-16	0.01
2348	2.22044604925031E-16	0.01
2347	2.22044604925031E-16	0.01
2346	2.22044604925031E-16	0.01
2345	2.22044604925031E-16	0.01
2344	2.22044604925031E-16	0.01
2343	2.22044604925031E-16	0.01
2342	2.22044604925031E-16	0.01
2341	2.22044604925031E-16	0.01
2340	2.22044604925031E-16	0.01
2339	2.22044604925031E-16	0.01
2338	2.22044604925031E-16	0.01
2337	2.22044604925031E-16	0.01
2336	2.22044604925031E-16	0.01
2335	2.22044604925031E-16	0.01
2334	2.22044604925031E-16	0.01
2333	2.22044604925031E-16	0.01
2332	2.22044604925031E-16	0.01
2331	2.22044604925031E-16	0.01
2330	2.22044604925031E-16	0.01
2329	2.22044604925031E-16	0.01
2328	2.22044604925031E-16	0.01
2327	2.22044604925031E-16	0.01
2326	2.22044604925031E-16	0.01
2325	2.22044604925031E-16	0.01
2324	2.22044604925031E-16	0.01
2323	2.22044604925031E-16	0.01
2322	2.22044604925031E-16	0.01
2321	2.22044604925031E-16	0.01
2320	2.22044604925031E-16	0.01
2319	2.22044604925031E-16	0.01
2318	2.22044604925031E-16	0.01
2317	2.22044604925031E-16	0.01
2316	2.22044604925031E-16	0.01
2315	2.22044604925031E-16	0.01
2314	2.22044604925031E-16	0.01
2313	2.22044604925031E-16	0.01
2312	2.22044604925031E-16	0.01
2311	2.22044604925031E-16	0.01
2310	2.22044604925031E-16	0.01
2309	2.22044604925031E-16	0.01
2308	2.22044604925031E-16	0.01
2307	2.22044604925031E-16	0.01
2306	2.22044604925031E-16	0.01
2305	2.22044604925031E-16	0.01
2304	2.22044604925031E-16	0.01
2303	2.22044604925031E-16	0.01
2302	2.22044604925031E-16	0.01
2301	2.22044604925031E-16	0.01
2300	2.22044604925031E-16	0.01
2299	2.22044604925031E-16	0.01
2298	2.22044604925031E-16	0.01
2297	2.22044604925031E-16	0.01
2296	2.22044604925031E-16	0.01
2295	2.22044604925031E-16	0.01
2294	2.22044604925031E-16	0.01
2293	2.22044604925031E-16	0.01
2292	2.22044604925031E-16	0.01
2291	2.22044604925031E-16	0.01
2290	2.22044604925031E-16	0.01
2289	2.22044604925031E-16	0.01
2288	2.22044604925031E-16	0.01
2287	2.22044604925031E-16	0.01
2286	2.22044604925031E-16	0.01
2285	2.22044604925031E-16	0.01
2284	2.22044604925031E-16	0.01
2283	2.22044604925031E-16	0.01
2282	2.22044604925031E-16	0.01
2281	2.22044604925031E-16	0.01
2280	2.22044604925031E-16	0.01
2279	2.22044604925031E-16	0.01
2278	2.22044604925031E-16	0.01
2277	2.22044604925031E-16	0.01
2276	2.22044604925031E-16	0.01
2275	2.22044604925031E-16	0.01
2274	2.22044604925031E-16	0.01
2273	2.22044604925031E-16	0.01
2272	2.22044604925031E-16	0.01
2271	2.22044604925031E-16	0.01
2270	2.22044604925031E-16	0.01
2269	2.22044604925031E-16	0.01
2268	2.22044604925031E-16	0.01
2267	2.22044604925031E-16	0.01
2266	2.22044604925031E-16	0.01
2265	2.22044604925031E-16	0.01
2264	2.22044604925031E-16	0.01
2263	2.22044604925031E-16	0.01
2262	2.22044604925031E-16	0.01
2261	2.22044604925031E-16	0.01
2260	2.22044604925031E-16	0.01
2259	2.22044604925031E-16	0.01
2258	2.22044604925031E-16	0.01
2257	2.22044604925031E-16	0.01
2256	2.22044604925031E-16	0.01
2255	2.22044604925031E-16	0.01
2254	2.22044604925031E-16	0.01
2253	2.22044604925031E-16	0.01
2252	2.22044604925031E-16	0.01
2251	2.22044604925031E-16	0.01
2250	2.22044604925031E-16	0.01
2249	2.22044604925031E-16	0.01
2248	2.22044604925031E-16	0.01
2247	2.22044604925031E-16	0.01
2246	2.22044604925031E-16	0.01
2245	2.22044604925031E-16	0.01
2244	2.22044604925031E-16	0.01
2243	2.22044604925031E-16	0.01
2242	2.22044604925031E-16	0.01
2241	2.22044604925031E-16	0.01
2240	2.22044604925031E-16	0.01
2239	2.22044604925031E-16	0.01
2238	2.22044604925031E-16	0.01
2237	2.22044604925031E-16	0.01
2236	2.22044604925031E-16	0.01
2235	2.22044604925031E-16	0.01
2234	2.22044604925031E-16	0.01
2233	2.22044604925031E-16	0.01
2232	2.22044604925031E-16	0.01
2231	2.22044604925031E-16	0.01
2230	2.22044604925031E-16	0.01
2229	2.22044604925031E-16	0.01
2228	2.22044604925031E-16	0.01
2227	2.22044604925031E-16	0.01
2226	2.22044604925031E-16	0.01
2225	2.22044604925031E-16	0.01
2224	2.22044604925031E-16	0.01
2223	2.22044604925031E-16	0.01
2222	2.22044604925031E-16	0.01
2221	2.22044604925031E-16	0.01
2220	2.22044604925031E-16	0.01
2219	2.22044604925031E-16	0.01
2218	2.22044604925031E-16	0.01
2217	2.22044604925031E-16	0.01
2216	2.22044604925031E-16	0.01
2215	2.22044604925031E-16	0.01
2214	2.22044604925031E-16	0.01
2213	2.22044604925031E-16	0.01
2212	2.22044604925031E-16	0.01
2211	2.22044604925031E-16	0.01
2210	2.22044604925031E-16	0.01
2209	2.22044604925031E-16	0.01
2208	2.22044604925031E-16	0.01
2207	2.22044604925031E-16	0.01
2206	2.22044604925031E-16	0.01
2205	2.22044604925031E-16	0.01
2204	2.22044604925031E-16	0.01
2203	2.22044604925031E-16	0.01
2202	2.22044604925031E-16	0.01
2201	2.22044604925031E-16	0.01
2200	2.22044604925031E-16	0.01
2199	2.22044604925031E-16	0.01
2198	2.22044604925031E-16	0.01
2197	2.22044604925031E-16	0.01
2196	2.22044604925031E-16	0.01
2195	2.22044604925031E-16	0.01
2194	2.22044604925031E-16	0.01
2193	2.22044604925031E-16	0.01
2192	2.22044604925031E-16	0.01
2191	2.22044604925031E-16	0.01
2190	2.22044604925031E-16	0.01
2189	2.22044604925031E-16	0.01
2188	2.22044604925031E-16	0.01
2187	2.22044604925031E-16	0.01
2186	2.22044604925031E-16	0.01
2185	2.22044604925031E-16	0.01
2184	2.22044604925031E-16	0.01
2183	2.22044604925031E-16	0.01
2182	2.22044604925031E-16	0.01
2181	2.22044604925031E-16	0.01
2180	2.22044604925031E-16	0.01
2179	2.22044604925031E-16	0.01
2178	2.22044604925031E-16	0.01
2177	2.22044604925031E-16	0.01
2176	2.22044604925031E-16	0.01
2175	2.22044604925031E-16	0.01
2174	2.22044604925031E-16	0.01
2173	2.22044604925031E-16	0.01
2172	2.22044604925031E-16	0.01
2171	2.22044604925031E-16	0.01
2170	2.22044604925031E-16	0.01
2169	2.22044604925031E-16	0.01
2168	2.22044604925031E-16	0.01
2167	2.22044604925031E-16	0.01
2166	2.22044604925031E-16	0.01
2165	2.22044604925031E-16	0.01
2164	2.22044604925031E-16	0.01
2163	2.22044604925031E-16	0.01
2162	2.22044604925031E-16	0.01
2161	2.22044604925031E-16	0.01
2160	2.22044604925031E-16	0.01
2159	2.22044604925031E-16	0.01
2158	2.22044604925031E-16	0.01
2157	2.22044604925031E-16	0.01
2156	2.22044604925031E-16	0.01
2155	2.22044604925031E-16	0.01
2154	2.22044604925031E-16	0.01
2153	2.22044604925031E-16	0.01
2152	2.22044604925031E-16	0.01
2151	2.22044604925031E-16	0.01
2150	2.22044604925031E-16	0.01
2149	2.22044604925031E-16	0.01
2148	2.22044604925031E-16	0.01
2147	2.22044604925031E-16	0.01
2146	2.22044604925031E-16	0.01
2145	2.22044604925031E-16	0.01
2144	2.22044604925031E-16	0.01
2143	2.22044604925031E-16	0.01
2142	2.22044604925031E-16	0.01
2141	2.22044604925031E-16	0.01
2140	2.22044604925031E-16	0.01
2139	2.22044604925031E-16	0.01
2138	2.22044604925031E-16	0.01
2137	2.22044604925031E-16	0.01
2136	2.22044604925031E-16	0.01
2135	2.22044604925031E-16	0.01
2134	2.22044604925031E-16	0.01
2133	2.22044604925031E-16	0.01
2132	2.22044604925031E-16	0.01
2131	2.22044604925031E-16	0.01
2130	2.22044604925031E-16	0.01
2129	2.22044604925031E-16	0.01
2128	2.22044604925031E-16	0.01
2127	2.22044604925031E-16	0.01
2126	2.22044604925031E-16	0.01
2125	2.22044604925031E-16	0.01
2124	2.22044604925031E-16	0.01
2123	2.22044604925031E-16	0.01
2122	2.22044604925031E-16	0.01
2121	2.22044604925031E-16	0.01
2120	2.22044604925031E-16	0.01
2119	2.22044604925031E-16	0.01
2118	2.22044604925031E-16	0.01
2117	2.22044604925031E-16	0.01
2116	2.22044604925031E-16	0.01
2115	2.22044604925031E-16	0.01
2114	2.22044604925031E-16	0.01
2113	2.22044604925031E-16	0.01
2112	2.22044604925031E-16	0.01
2111	2.22044604925031E-16	0.01
2110	2.22044604925031E-16	0.01
2109	2.22044604925031E-16	0.01
2108	2.22044604925031E-16	0.01
2107	2.22044604925031E-16	0.01
2106	2.22044604925031E-16	0.01
2105	2.22044604925031E-16	0.01
2104	2.22044604925031E-16	0.01
2103	2.22044604925031E-16	0.01
2102	2.22044604925031E-16	0.01
2101	2.22044604925031E-16	0.01
2100	2.22044604925031E-16	0.01
2099	2.22044604925031E-16	0.01
2098	2.22044604925031E-16	0.01
2097	2.22044604925031E-16	0.01
2096	2.22044604925031E-16	0.01
2095	2.22044604925031E-16	0.01
2094	2.22044604925031E-16	0.01
2093	2.22044604925031E-16	0.01
2092	2.22044604925031E-16	0.01
2091	2.22044604925031E-16	0.01
2090	2.22044604925031E-16	0.01
2089	2.22044604925031E-16	0.01
2088	2.22044604925031E-16	0.01
2087	2.22044604925031E-16	0.01
2086	2.22044604925031E-16	0.01
2085	2.22044604925031E-16	0.01
2084	2.22044604925031E-16	0.01
2083	2.22044604925031E-16	0.01
2082	2.22044604925031E-16	0.01
2081	2.22044604925031E-16	0.01
2080	2.22044604925031E-16	0.01
2079	2.22044604925031E-16	0.01
2078	2.22044604925031E-16	0.01
2077	2.22044604925031E-16	0.01
2076	2.22044604925031E-16	0.01
2075	2.22044604925031E-16	0.01
2074	2.22044604925031E-16	0.01
2073	2.22044604925031E-16	0.01
2072	2.22044604925031E-16	0.01
2071	2.22044604925031E-16	0.01
2070	2.22044604925031E-16	0.01
2069	2.22044604925031E-16	0.01
2068	2.22044604925031E-16	0.01
2067	2.22044604925031E-16	0.01
2066	2.22044604925031E-16	0.01
2065	2.22044604925031E-16	0.01
2064	2.22044604925031E-16	0.01
2063	2.22044604925031E-16	0.01
2062	2.22044604925031E-16	0.01
2061	2.22044604925031E-16	0.01
2060	2.22044604925031E-16	0.01
2059	2.22044604925031E-16	0.01
2058	2.22044604925031E-16	0.01
2057	2.22044604925031E-16	0.01
2056	2.22044604925031E-16	0.01
2055	2.22044604925031E-16	0.01
2054	2.22044604925031E-16	0.01
2053	2.22044604925031E-16	0.01
2052	2.22044604925031E-16	0.01
2051	2.22044604925031E-16	0.01
2050	2.22044604925031E-16	0.01
2049	2.22044604925031E-16	0.01
2048	2.22044604925031E-16	0.01
2047	2.22044604925031E-16	0.01
2046	2.22044604925031E-16	0.01
2045	2.22044604925031E-16	0.01
2044	2.22044604925031E-16	0.01
2043	2.22044604925031E-16	0.01
2042	2.22044604925031E-16	0.01
2041	2.22044604925031E-16	0.01
2040	2.22044604925031E-16	0.01
2039	2.22044604925031E-16	0.01
2038	2.22044604925031E-16	0.01
2037	2.22044604925031E-16	0.01
2036	2.22044604925031E-16	0.01
2035	2.22044604925031E-16	0.01
2034	2.22044604925031E-16	0.01
2033	2.22044604925031E-16	0.01
2032	2.22044604925031E-16	0.01
2031	2.22044604925031E-16	0.01
2030	2.22044604925031E-16	0.01
2029	2.22044604925031E-16	0.01
2028	2.22044604925031E-16	0.01
2027	2.22044604925031E-16	0.01
2026	2.22044604925031E-16	0.01
2025	2.22044604925031E-16	0.01
2024	2.22044604925031E-16	0.01
2023	2.22044604925031E-16	0.01
2022	2.22044604925031E-16	0.01
2021	2.22044604925031E-16	0.01
2020	2.22044604925031E-16	0.01
2019	2.22044604925031E-16	0.01
2018	2.22044604925031E-16	0.01
2017	2.22044604925031E-16	0.01
2016	2.22044604925031E-16	0.01
2015	2.22044604925031E-16	0.01
2014	2.22044604925031E-16	0.01
2013	2.22044604925031E-16	0.01
2012	2.22044604925031E-16	0.01
2011	2.22044604925031E-16	0.01
2010	2.22044604925031E-16	0.01
2009	2.22044604925031E-16	0.01
2008	2.22044604925031E-16	0.01
2007	2.22044604925031E-16	0.01
2006	2.22044604925031E-16	0.01
2005	2.22044604925031E-16	0.01
2004	2.22044604925031E-16	0.01
2003	2.22044604925031E-16	0.01
2002	2.22044604925031E-16	0.01
2001	2.22044604925031E-16	0.01
2000	2.22044604925031E-16	0.01
1999	2.22044604925031E-16	0.01
1998	2.22044604925031E-16	0.01
1997	2.22044604925031E-16	0.01
1996	2.22044604925031E-16	0.01
1995	2.22044604925031E-16	0.01
1994	2.22044604925031E-16	0.01
1993	2.22044604925031E-16	0.01
1992	2.22044604925031E-16	0.01
1991	2.22044604925031E-16	0.01
1990	2.22044604925031E-16	0.01
1989	2.22044604925031E-16	0.01
1988	2.22044604925031E-16	0.01
1987	2.22044604925031E-16	0.01
1986	2.22044604925031E-16	0.01
1985	2.22044604925031E-16	0.01
1984	2.22044604925031E-16	0.01
1983	2.22044604925031E-16	0.01
1982	2.22044604925031E-16	0.01
1981	2.22044604925031E-16	0.01
1980	2.22044604925031E-16	0.01
1979	2.22044604925031E-16	0.01
1978	2.22044604925031E-16	0.01
1977	2.22044604925031E-16	0.01
1976	2.22044604925031E-16	0.01
1975	2.22044604925031E-16	0.01
1974	2.22044604925031E-16	0.01
1973	2.22044604925031E-16	0.01
1972	2.22044604925031E-16	0.01
1971	2.22044604925031E-16	0.01
1970	2.22044604925031E-16	0.01
1969	2.22044604925031E-16	0.01
1968	2.22044604925031E-16	0.01
1967	2.22044604925031E-16	0.01
1966	2.22044604925031E-16	0.01
1965	2.22044604925031E-16	0.01
1964	2.22044604925031E-16	0.01
1963	2.22044604925031E-16	0.01
1962	2.22044604925031E-16	0.01
1961	2.22044604925031E-16	0.01
1960	2.22044604925031E-16	0.01
1959	2.22044604925031E-16	0.01
1958	2.22044604925031E-16	0.01
1957	2.22044604925031E-16	0.01
1956	2.22044604925031E-16	0.01
1955	2.22044604925031E-16	0.01
1954	2.22044604925031E-16	0.01
1953	2.22044604925031E-16	0.01
1952	2.22044604925031E-16	0.01
1951	2.22044604925031E-16	0.01
1950	2.22044604925031E-16	0.01
1949	2.22044604925031E-16	0.01
1948	2.22044604925031E-16	0.01
1947	2.22044604925031E-16	0.01
1946	2.22044604925031E-16	0.01
1945	2.22044604925031E-16	0.01
1944	2.22044604925031E-16	0.01
1943	2.22044604925031E-16	0.01
1942	2.22044604925031E-16	0.01
1941	2.22044604925031E-16	0.01
1940	2.22044604925031E-16	0.01
1939	2.22044604925031E-16	0.01
1938	2.22044604925031E-16	0.01
1937	2.22044604925031E-16	0.01
1936	2.22044604925031E-16	0.01
1935	2.22044604925031E-16	0.01
1934	2.22044604925031E-16	0.01
1933	2.22044604925031E-16	0.01
1932	2.22044604925031E-16	0.01
1931	2.22044604925031E-16	0.01
1930	2.22044604925031E-16	0.01
1929	2.22044604925031E-16	0.01
1928	2.22044604925031E-16	0.01
1927	2.22044604925031E-16	0.01
1926	2.22044604925031E-16	0.01
1925	2.22044604925031E-16	0.01
1924	2.22044604925031E-16	0.01
1923	2.22044604925031E-16	0.01
1922	2.22044604925031E-16	0.01
1921	2.22044604925031E-16	0.01
1920	2.22044604925031E-16	0.01
1919	2.22044604925031E-16	0.01
1918	2.22044604925031E-16	0.01
1917	2.22044604925031E-16	0.01
1916	2.22044604925031E-16	0.01
1915	2.22044604925031E-16	0.01
1914	2.22044604925031E-16	0.01
1913	2.22044604925031E-16	0.01
1912	2.22044604925031E-16	0.01
1911	2.22044604925031E-16	0.01
1910	2.22044604925031E-16	0.01
1909	2.22044604925031E-16	0.01
1908	2.22044604925031E-16	0.01
1907	2.22044604925031E-16	0.01
1906	2.22044604925031E-16	0.01
1905	2.22044604925031E-16	0.01
1904	2.22044604925031E-16	0.01
1903	2.22044604925031E-16	0.01
1902	2.22044604925031E-16	0.01
1901	2.22044604925031E-16	0.01
1900	2.22044604925031E-16	0.01
1899	2.22044604925031E-16	0.01
1898	2.22044604925031E-16	0.01
1897	2.22044604925031E-16	0.01
1896	2.22044604925031E-16	0.01
1895	2.22044604925031E-16	0.01
1894	2.22044604925031E-16	0.01
1893	2.22044604925031E-16	0.01
1892	2.22044604925031E-16	0.01
1891	2.22044604925031E-16	0.01
1890	2.22044604925031E-16	0.01
1889	2.22044604925031E-16	0.01
1888	2.22044604925031E-16	0.01
1887	2.22044604925031E-16	0.01
1886	2.22044604925031E-16	0.01
1885	2.22044604925031E-16	0.01
1884	2.22044604925031E-16	0.01
1883	2.22044604925031E-16	0.01
1882	2.22044604925031E-16	0.01
1881	2.22044604925031E-16	0.01
1880	2.22044604925031E-16	0.01
1879	2.22044604925031E-16	0.01
1878	2.22044604925031E-16	0.01
1877	2.22044604925031E-16	0.01
1876	2.22044604925031E-16	0.01
1875	2.22044604925031E-16	0.01
1874	2.22044604925031E-16	0.01
1873	2.22044604925031E-16	0.01
1872	2.22044604925031E-16	0.01
1871	2.22044604925031E-16	0.01
1870	2.22044604925031E-16	0.01
1869	2.22044604925031E-16	0.01
1868	2.22044604925031E-16	0.01
1867	2.22044604925031E-16	0.01
1866	2.22044604925031E-16	0.01
1865	2.22044604925031E-16	0.01
1864	2.22044604925031E-16	0.01
1863	2.22044604925031E-16	0.01
1862	2.22044604925031E-16	0.01
1861	2.22044604925031E-16	0.01
1860	2.22044604925031E-16	0.01
1859	2.22044604925031E-16	0.01
1858	2.22044604925031E-16	0.01
1857	2.22044604925031E-16	0.01
1856	2.22044604925031E-16	0.01
1855	2.22044604925031E-16	0.01
1854	2.22044604925031E-16	0.01
1853	2.22044604925031E-16	0.01
1852	2.22044604925031E-16	0.01
1851	2.22044604925031E-16	0.01
1850	2.22044604925031E-16	0.01
1849	2.22044604925031E-16	0.01
1848	2.22044604925031E-16	0.01
1847	2.22044604925031E-16	0.01
1846	2.22044604925031E-16	0.01
1845	2.22044604925031E-16	0.01
1844	2.22044604925031E-16	0.01
1843	2.22044604925031E-16	0.01
1842	2.22044604925031E-16	0.01
1841	2.22044604925031E-16	0.01
1840	2.22044604925031E-16	0.01
1839	2.22044604925031E-16	0.01
1838	2.22044604925031E-16	0.01
1837	2.22044604925031E-16	0.01
1836	2.22044604925031E-16	0.01
1835	2.22044604925031E-16	0.01
1834	2.22044604925031E-16	0.01
1833	2.22044604925031E-16	0.01
1832	2.22044604925031E-16	0.01
1831	2.22044604925031E-16	0.01
1830	2.22044604925031E-16	0.01
1829	2.22044604925031E-16	0.01
1828	2.22044604925031E-16	0.01
1827	2.22044604925031E-16	0.01
1826	2.22044604925031E-16	0.01
1825	2.22044604925031E-16	0.01
1824	2.22044604925031E-16	0.01
1823	2.22044604925031E-16	0.01
1822	2.22044604925031E-16	0.01
1821	2.22044604925031E-16	0.01
1820	2.22044604925031E-16	0.01
1819	2.22044604925031E-16	0.01
1818	2.22044604925031E-16	0.01
1817	2.22044604925031E-16	0.01
1816	2.22044604925031E-16	0.01
1815	2.22044604925031E-16	0.01
1814	2.22044604925031E-16	0.01
1813	2.22044604925031E-16	0.01
1812	2.22044604925031E-16	0.01
1811	2.22044604925031E-16	0.01
1810	2.22044604925031E-16	0.01
1809	2.22044604925031E-16	0.01
1808	2.22044604925031E-16	0.01
1807	2.22044604925031E-16	0.01
1806	2.22044604925031E-16	0.01
1805	2.22044604925031E-16	0.01
1804	2.22044604925031E-16	0.01
1803	2.22044604925031E-16	0.01
1802	2.22044604925031E-16	0.01
1801	2.22044604925031E-16	0.01
1800	2.22044604925031E-16	0.01
1799	2.22044604925031E-16	0.01
1798	2.22044604925031E-16	0.01
1797	2.22044604925031E-16	0.01
1796	2.22044604925031E-16	0.01
1795	2.22044604925031E-16	0.01
1794	2.22044604925031E-16	0.01
1793	2.22044604925031E-16	0.01
1792	2.22044604925031E-16	0.01
1791	2.22044604925031E-16	0.01
1790	2.22044604925031E-16	0.01
1789	2.22044604925031E-16	0.01
1788	2.22044604925031E-16	0.01
1787	2.22044604925031E-16	0.01
1786	2.22044604925031E-16	0.01
1785	2.22044604925031E-16	0.01
1784	2.22044604925031E-16	0.01
1783	2.22044604925031E-16	0.01
1782	2.22044604925031E-16	0.01
1781	2.22044604925031E-16	0.01
1780	2.22044604925031E-16	0.01
1779	2.22044604925031E-16	0.01
1778	2.22044604925031E-16	0.01
1777	2.22044604925031E-16	0.01
1776	2.22044604925031E-16	0.01
1775	2.22044604925031E-16	0.01
1774	2.22044604925031E-16	0.01
1773	2.22044604925031E-16	0.01
1772	2.22044604925031E-16	0.01
1771	2.22044604925031E-16	0.01
1770	2.22044604925031E-16	0.01
1769	2.22044604925031E-16	0.01
1768	2.22044604925031E-16	0.01
1767	2.22044604925031E-16	0.01
1766	2.22044604925031E-16	0.01
1765	2.22044604925031E-16	0.01
1764	2.22044604925031E-16	0.01
1763	2.22044604925031E-16	0.01
1762	2.22044604925031E-16	0.01
1761	2.22044604925031E-16	0.01
1760	2.22044604925031E-16	0.01
1759	2.22044604925031E-16	0.01
1758	2.22044604925031E-16	0.01
1757	2.22044604925031E-16	0.01
1756	2.22044604925031E-16	0.01
1755	2.22044604925031E-16	0.01
1754	2.22044604925031E-16	0.01
1753	2.22044604925031E-16	0.01
1752	2.22044604925031E-16	0.01
1751	2.22044604925031E-16	0.01
1750	2.22044604925031E-16	0.01
1749	2.22044604925031E-16	0.01
1748	2.22044604925031E-16	0.01
1747	2.22044604925031E-16	0.01
1746	2.22044604925031E-16	0.01
1745	2.22044604925031E-16	0.01
1744	2.22044604925031E-16	0.01
1743	2.22044604925031E-16	0.01
1742	2.22044604925031E-16	0.01
1741	2.22044604925031E-16	0.01
1740	2.22044604925031E-16	0.01
1739	2.22044604925031E-16	0.01
1738	2.22044604925031E-16	0.01
1737	2.22044604925031E-16	0.01
1736	2.22044604925031E-16	0.01
1735	2.22044604925031E-16	0.01
1734	2.22044604925031E-16	0.01
1733	2.22044604925031E-16	0.01
1732	2.22044604925031E-16	0.01
1731	2.22044604925031E-16	0.01
1730	-2.22044604925031E-16	0.01
1729	-2.22044604925031E-16	0.01
1728	-2.22044604925031E-16	0.01
1727	2.22044604925031E-16	0.01
1726	1.11022302462516E-15	0.01
1725	1.55431223447522E-15	0.01
1724	1.99840144432528E-15	0.01
1723	1.11022302462516E-15	0.01
1722	-1.33226762955019E-15	0.01
1721	-4.88498130835069E-15	0.01
1720	-6.88338275267597E-15	0.01
1719	-6.21724893790088E-15	0.01
1718	-2.22044604925031E-16	0.01
1717	1.15463194561016E-14	0.01
1716	2.28705943072782E-14	0.01
1715	2.66453525910038E-14	0.01
1714	1.50990331349021E-14	0.01
1713	-1.88737914186277E-14	0.01
1712	-6.55031584528842E-14	0.01
1711	-9.79216707719388E-14	0.01
1710	-8.72635297355373E-14	0.01
1709	-5.32907051820075E-15	0.01
1708	1.56097357262297E-13	0.01
1707	3.1730174043787E-13	0.01
1706	3.72146757854352E-13	0.01
1705	2.1582735598713E-13	0.01
1704	-2.4980018054066E-13	0.01
1703	-9.00834962180852E-13	0.01
1702	-1.35758071451164E-12	0.01
1701	-1.22701848681572E-12	0.01
1700	-1.15241149956091E-13	0.01
1699	2.11719530796017E-12	0.01
1698	4.37649916307237E-12	0.01
1697	5.19384535380141E-12	0.01
1696	3.10040881856821E-12	0.01
1695	-3.28315152842151E-12	0.01
1694	-1.23476784352761E-11	0.01
1693	-1.88344895235559E-11	0.01
1692	-1.72628578098966E-11	0.01
1691	-2.1520563109334E-12	0.01
1690	2.86957124728815E-11	0.01
1689	6.03805894172638E-11	0.01
1688	7.24518223194082E-11	0.01
1687	4.44553283074356E-11	0.01
1686	-4.30226965164593E-11	0.01
1685	-1.69206426647861E-10	0.01
1684	-2.61230370668386E-10	0.01
1683	-2.42760922475327E-10	0.01
1682	-3.74640318767661E-11	0.01
1681	3.88633125680826E-10	0.01
1680	8.32864222033436E-10	0.01
1679	1.01042840761068E-9	0.01
1678	6.36443342472148E-10	0.01
1677	-5.61837687484967E-10	0.01
1676	-2.3177928465401E-9	0.01
1675	-3.62229424233362E-9	0.01
1674	-3.41214700938508E-9	0.01
1673	-6.24156948347832E-10	0.01
1672	5.25923260497052E-9	0.01
1671	1.14851246291181E-8	0.01
1670	1.40876157406211E-8	0.01
1669	9.09880859545353E-9	0.01
1668	-7.30904825552159E-9	0.01
1667	-3.17369286406688E-8	0.01
1666	-5.02157040394025E-8	0.01
1665	-4.79369826056342E-8	0.01
1664	-1.00923716050971E-8	0.01
1663	7.11130057062803E-8	0.01
1662	1.58336516120627E-7	0.01
1661	1.9635710146737E-7	0.01
1660	1.29909088375513E-7	0.01
1659	-9.46747495955691E-8	0.01
1658	-4.34393511161701E-7	0.01
1657	-6.95971276609697E-7	0.01
1656	-6.73153746744148E-7	0.01
1655	-1.59686623035782E-7	0.01
1654	9.60733044674811E-7	0.01
1653	2.18227258108605E-6	0.01
1652	2.7361166039519E-6	0.01
1651	1.85251359008376E-6	0.01
1650	-1.22031483962282E-6	0.01
1649	-5.94327184666454E-6	0.01
1648	-9.6435971572717E-6	0.01
1647	-9.44853898099396E-6	0.01
1646	-2.485345527381E-6	0.01
1645	2.03050308174024E-5	0.01
1644	1.14009512476976E-4	0.01
1643	3.54465708620522E-4	0.01
1642	8.17611727097489E-4	0.01
1641	0.00157822620857107	0.01
1640	0.00261072228589176	0.01
1639	0.00371304958205898	0.01
1638	0.00466524227737364	0.01
1637	0.00524733455213777	0.01
1636	0.00527173739848052	0.01
1635	0.00481030271252636	0.01
1634	0.00405954830999122	0.01
1633	0.00321678381739954	0.01
1632	0.00247856603953012	0.01
1631	0.00196153337898441	0.01
1630	0.001632784319479	0.01
1629	0.00144300235554939	0.01
1628	0.00134287098173047	0.01
1627	0.00128656811471184	0.01
1626	0.00125846861281143	0.01
1625	0.00125840384311582	0.01
1624	0.00128633020095914	0.01
1623	0.00134211778214666	0.01
1622	0.00141416435372177	0.01
1621	0.00146800999776797	0.01
1620	0.00146648627492563	0.01
1619	0.00137242474583577	0.01
1618	0.00115507119834013	0.01
1617	8.43534158219139E-4	0.01
1616	4.99543470743768E-4	0.01
1615	1.85157134530378E-4	0.01
1614	-3.77387817922514E-5	0.01
1613	-1.36614149880865E-4	0.01
1612	-1.41254163527504E-4	0.01
1611	-8.94036508569673E-5	0.01
1610	-1.88074399944949E-5	0.01
1609	3.51399068825309E-5	0.01
1608	6.07724756032102E-5	0.01
1607	6.01834476949836E-5	0.01
1606	3.56347735532836E-5	0.01
1605	-1.0578952765572E-5	0.01
1604	-6.87761244266838E-5	0.01
1603	-1.12558497594284E-4	0.01
1602	-1.13229045724195E-4	0.01
1601	-4.20907422740147E-5	0.01
1600	1.26408737911587E-4	0.01
1599	3.83411915418463E-4	0.01
1598	6.98840294016678E-4	0.01
1597	0.00104230318062681	0.01
1596	0.00138344095647236	0.01
1595	0.00170159067652942	0.01
1594	0.0019994971149393	0.01
1593	0.00228336665398721	0.01
1592	0.00255940567595814	0.01
1591	0.00283378975070492	0.01
1590	0.00311232828886299	0.01
1589	0.00340059063153819	0.01
1588	0.00370414194267066	0.01
1587	0.00402852855244284	0.01
1586	0.00437076394120517	0.01
1585	0.00470587440598935	0.01
1584	0.00500539290875635	0.01
1583	0.00524085241146643	0.01
1582	0.0053859522038322	0.01
1581	0.00544241386703992	0.01
1580	0.00543148400353899	0.01
1579	0.00537480623805919	0.01
1578	0.00529402651536648	0.01
1577	0.005212426584565	0.01
1576	0.00515779046357334	0.01
1575	0.0051586700549997	0.01
1574	0.00524361726145184	0.01
1573	0.00545831648387396	0.01
1572	0.00609029874232081	0.01
1571	0.0076061180182625	0.01
1570	0.0104765386209584	0.01
1569	0.0151720904875974	0.01
1568	0.0218796276625766	0.01
1567	0.0299515013173379	0.01
1566	0.0385873812087405	0.01
1565	0.0469869370936449	0.01
1564	0.0543839293232194	0.01
1563	0.0605387656142941	0.01
1562	0.0656259032074785	0.01
1561	0.0698309611097058	0.01
1560	0.0733395243980868	0.01
1559	0.0762553902616958	0.01
1558	0.0784250399567201	0.01
1557	0.0796444799519092	0.01
1556	0.0797097167160122	0.01
1555	0.078424523166842	0.01
1554	0.0757243873881479	0.01
1553	0.0716547582122283	0.01
1552	0.0662644555433617	0.01
1551	0.0596023162245715	0.01
1550	0.0518216379338347	0.01
1549	0.0434273959042384	0.01
1548	0.0349984939433912	0.01
1547	0.0271138358588996	0.01
1546	0.0203334685302126	0.01
1545	0.0148651278298013	0.01
1544	0.0106042821290382	0.01
1543	0.00743558813731671	0.01
1542	0.00524370178467759	0.01
1541	0.00389275970793923	0.01
1540	0.00317294361118403	0.01
1539	0.00285777964942113	0.01
1538	0.00272079397766078	0.01
1537	0.00254254717803182	0.01
1536	0.00224894866038783	0.01
1535	0.00190266916608106	0.01
1534	0.00157169436730431	0.01
1533	0.00132400990438297	0.01
1532	0.00120800931367748	0.01
1531	0.00119646575946586	0.01
1530	0.00124391039796579	0.01
1529	0.00130487438539495	0.01
1528	0.00133540762700357	0.01
1527	0.00132641594384353	0.01
1526	0.00130361928407186	0.01
1525	0.00129424798713584	0.01
1524	0.0013255323924819	0.01
1523	0.00141008146604649	0.01
1522	0.00150005981233825	0.01
1521	0.00153201493736321	0.01
1520	0.00144249432711696	0.01
1519	0.00117331084805872	0.01
1518	8.01152008334416E-4	0.01
1517	5.45705326732149E-4	0.01
1516	6.33550519822501E-4	0.01
1515	0.00129126730417806	0.01
1514	0.00264982054524143	0.01
1513	0.00441679268571193	0.01
1512	0.0061826183073912	0.01
1511	0.00753772787544071	0.01
1510	0.00808547310743601	0.01
1509	0.00780063241990603	0.01
1508	0.00707603466272189	0.01
1507	0.0063267955785471	0.01
1506	0.00596803091004472	0.01
1505	0.00632122067232976	0.01
1504	0.00726365480340951	0.01
1503	0.0085410429316799	0.01
1502	0.00989907430144532	0.01
1501	0.0110850462969512	0.01
1500	0.0118984495300141	0.01
1499	0.0122011432167692	0.01
1498	0.0118586500476818	0.01
1497	0.0107364927132154	0.01
1496	0.00886002124143559	0.01
1495	0.00706710123937859	0.01
1494	0.00645315698443327	0.01
1493	0.00811371624265012	0.01
1492	0.0131090243907963	0.01
1491	0.0211974514582534	0.01
1490	0.0304854531937868	0.01
1489	0.0389729483667658	0.01
1488	0.0446598557465585	0.01
1487	0.0460531941486253	0.01
1486	0.0444238363646143	0.01
1485	0.0419796606688971	0.01
1484	0.040929300845171	0.01
1483.75184638109	0.161094224924012	0.01
1483	0.0434363565472256	0.01
1482	0.0497603691843032	0.01
1481	0.0575948736157832	0.01
1480	0.0644522754143783	0.01
1479	0.0678449801528015	0.01
1478	0.0657781925097418	0.01
1477	0.059138322564012	0.01
1476	0.0498558216604239	0.01
1475	0.0398625931752883	0.01
1474	0.0310713651905921	0.01
1473	0.0244575270075251	0.01
1472	0.019654476282025	0.01
1471	0.0161922233166569	0.01
1470	0.0136007784139864	0.01
1469	0.01145803226251	0.01
1468	0.00964237433969184	0.01
1467	0.00814850549272972	0.01
1466	0.00697137914352752	0.01
1465	0.00610519035433676	0.01
1464	0.00550083150746405	0.01
1463	0.00504331056281671	0.01
1462	0.00461210989809646	0.01
1461	0.00408671189100684	0.01
1460	0.0033746579096714	0.01
1459	0.00257267725815535	0.01
1458	0.00185566625566103	0.01
1457	0.00139876826091445	0.01
1456	0.00137504145101008	0.01
1455	0.00181679630730636	0.01
1454	0.00252868400931994	0.01
1453	0.0032946180710971	0.01
1452	0.00389851200668412	0.01
1451	0.00415790268375749	0.01
1450	0.0041341160394488	0.01
1449	0.00399592934784421	0.01
1448	0.00391258901310132	0.01
1447	0.00405213418443906	0.01
1446	0.00448492693744806	0.01
1445	0.00511329578825781	0.01
1444	0.00582297906014828	0.01
1443	0.00649971507639879	0.01
1442	0.00704061388126065	0.01
1441	0.00743154802278645	0.01
1440	0.00770009803303973	0.01
1439	0.00787408612427742	0.01
1438	0.0079812514885782	0.01
1437	0.00804114882187101	0.01
1436	0.00805835120404352	0.01
1435	0.0080358314627853	0.01
1434	0.00797656242578504	0.01
1433	0.00788673673757545	0.01
1432	0.0077996370680653	0.01
1431	0.00776210820627377	0.01
1430	0.00782109599267522	0.01
1429	0.00802338107192946	0.01
1428	0.00839550873576389	0.01
1427	0.00892459084063857	0.01
1426	0.00959318992394853	0.01
1425	0.0103838685230893	0.01
1424	0.0113370484211968	0.01
1423	0.0130186133907924	0.01
1422	0.016274564160262	0.01
1421	0.0219535174975036	0.01
1420	0.0308957741383808	0.01
1419	0.0426456678097624	0.01
1418	0.0540573800682144	0.01
1417	0.0616503843822236	0.01
1416	0.061944154220276	0.01
1415	0.0525511752271307	0.01
1414	0.041815791228645	0.01
1413	0.0441710076648134	0.01
1412	0.0741196191546998	0.01
1411	0.14609780596712	0.01
1410	0.260945333529846	0.01
1409	0.389420820813363	0.01
1408	0.498251825405211	0.01
1407	0.554165904892927	0.01
1406.20384047267	0.996960486322188	0.01
1406	0.528115881942456	0.01
1405	0.435986811618491	0.01
1404	0.320780757856599	0.01
1403	0.225874631003163	0.01
1402	0.1945610677233	0.01
1401	0.246768882872357	0.01
1400	0.347298900742038	0.01
1399	0.453004475042846	0.01
1398	0.520738959485286	0.01
1397	0.5111627729082	0.01
1396	0.428871247423983	0.01
1395	0.306652564886929	0.01
1394	0.177757994625399	0.01
1393	0.0754078905877879	0.01
1392	0.0206225570048268	0.01
1391	0.00370175609218304	0.01
1390	0.0101855715646588	0.01
1389	0.0256140871370558	0.01
1388	0.0363190616424263	0.01
1387	0.0385689031719005	0.01
1386	0.0354091303763995	0.01
1385	0.0300158761612244	0.01
1384	0.0255634565552156	0.01
1383	0.024140099944457	0.01
1382	0.0249135403040655	0.01
1381	0.0265656435396344	0.01
1380	0.0277782755567557	0.01
1379	0.0273208963139862	0.01
1378	0.0251616517887217	0.01
1377	0.0221373234796218	0.01
1376	0.0191041230793094	0.01
1375	0.0169179129602768	0.01
1374	0.0160897410597241	0.01
1373	0.0161398587192627	0.01
1372	0.0164116532785188	0.01
1371	0.0162485120771168	0.01
1370	0.0150364812022254	0.01
1369	0.0127998093768678	0.01
1368	0.0100539845409096	0.01
1367	0.00732712809988967	0.01
1366	0.00514727323507014	0.01
1365	0.00387915706975495	0.01
1364	0.00338580374318753	0.01
1363	0.00343420020059537	0.01
1362	0.00379133338720772	0.01
1361	0.00423071570092426	0.01
1360	0.00463291115389475	0.01
1359	0.00496598771203094	0.01
1358	0.00520057937143781	0.01
1357	0.00530732579816595	0.01
1356	0.00528102457691726	0.01
1355	0.00519588262397064	0.01
1354	0.00514239891921142	0.01
1353	0.00521107244252428	0.01
1352	0.00548531229875282	0.01
1351	0.00592055655628632	0.01
1350	0.00636118087298021	0.01
1349	0.00664787406016454	0.01
1348	0.006621329259209	0.01
1347	0.0061846980795881	0.01
1346	0.0054608939870544	0.01
1345	0.00462113884794602	0.01
1344	0.00383665452860305	0.01
1343	0.00327207290106757	0.01
1342	0.00296066333073619	0.01
1341	0.00281466544917541	0.01
1340	0.00274179979714262	0.01
1339	0.00264978707015051	0.01
1338	0.00246701281156292	0.01
1337	0.00219972096573251	0.01
1336	0.0018724887763153	0.01
1335	0.00150989348696728	0.01
1334	0.00113647463942379	0.01
1333	7.75938340090043E-4	0.01
1332	4.51175567869555E-4	0.01
1331	1.85043261875961E-4	0.01
1330	3.9836122378567E-7	0.01
1329	-8.85264663212926E-5	0.01
1328	-1.02299823772745E-4	0.01
1327	-7.02673475367899E-5	0.01
1326	-2.17746742379177E-5	0.01
1325	1.45428812496906E-5	0.01
1324	2.75446938367008E-5	0.01
1323	2.42529937160008E-5	0.01
1322	1.25340247820738E-5	0.01
1321	2.54030929403015E-7	0.01
1320	-6.25945287402452E-6	0.01
1319	-7.32938202818723E-6	0.01
1318	-5.07506688052217E-6	0.01
1317	-1.61584638491696E-6	0.01
1316	9.74035429424092E-7	0.01
1315	1.86423394921142E-6	0.01
1314	1.5952930905172E-6	0.01
1313	7.78324775296824E-7	0.01
1312	2.44409255056866E-8	0.01
1311	-1.89583308163321E-7	0.01
1310	-8.95451135463077E-9	0.01
1309	2.41236591369542E-7	0.01
1308	2.35881267629523E-7	0.01
1307	-3.35739686496694E-7	0.01
1306	-1.33719343353711E-6	0.01
1305	-2.10886927720644E-6	0.01
1304	-1.96144420461231E-6	0.01
1303	-2.05595203528475E-7	0.01
1302	3.4316488020103E-6	0.01
1301	7.15767164138903E-6	0.01
1300	8.54048072174152E-6	0.01
1299	5.14789272787475E-6	0.01
1298	-5.31364865286044E-6	0.01
1297	-2.02525397845488E-5	0.01
1296	-3.10082503858222E-5	0.01
1295	-2.85413702054704E-5	0.01
1294	-3.81248899228304E-6	0.01
1293	4.69251726591402E-5	0.01
1292	9.92719712147316E-5	0.01
1291	1.19508454592854E-4	0.01
1290	7.39091651043022E-5	0.01
1289	-6.96232012351583E-5	0.01
1288	-2.77631273285506E-4	0.01
1287	-4.30168705318756E-4	0.01
1286	-4.01373076827083E-4	0.01
1285	-6.53819673044342E-5	0.01
1284	6.65201357445522E-4	0.01
1283	0.00165838381976191	0.01
1282	0.00270450963708169	0.01
1281	0.00359383267553404	0.01
1280	0.00411979590870382	0.01
1279	0.00422380896834618	0.01
1278	0.00405465490913026	0.01
1277	0.00377661321060541	0.01
1276	0.00355396335232028	0.01
1275	0.00354433147026767	0.01
1274	0.00386461951961214	0.01
1273	0.00461632720754124	0.01
1272	0.00590092538515741	0.01
1271	0.00781698478993964	0.01
1270	0.0103064917912135	0.01
1269	0.0130782476261604	0.01
1268	0.0158220675012857	0.01
1267	0.0182277666230957	0.01
1266	0.0200379984953012	0.01
1265	0.0213427653202374	0.01
1264	0.0223723340686233	0.01
1263	0.0233573627673602	0.01
1262	0.0245251042805725	0.01
1261.44756277696	0.0607902735562311	0.01
1261	0.0258864306555679	0.01
1260	0.0271096922974301	0.01
1259	0.0278329258331336	0.01
1258	0.027694167889653	0.01
1257	0.0263939046412864	0.01
1256	0.0240739332068569	0.01
1255	0.0210661997581627	0.01
1254	0.0177033951770413	0.01
1253	0.0143171863099698	0.01
1252	0.0111616410815545	0.01
1251	0.00836020511564151	0.01
1250	0.00602378524589064	0.01
1249	0.00426328830596101	0.01
1248	0.00316572879074251	0.01
1247	0.00263643226952692	0.01
1246	0.00249724751376612	0.01
1245	0.00256958371155935	0.01
1244	0.00267563031793605	0.01
1243	0.00270918344493865	0.01
1242	0.0026922735095769	0.01
1241	0.00266025665403502	0.01
1240	0.00264848902049653	0.01
1239	0.00268591429420351	0.01
1238	0.00274893864023529	0.01
1237	0.00278824492906771	0.01
1236	0.00275434004037711	0.01
1235	0.00259808502414849	0.01
1234	0.00231043305100598	0.01
1233	0.00195875887432551	0.01
1232	0.00161901946973186	0.01
1231	0.00136717181284962	0.01
1230	0.00126833840147889	0.01
1229	0.00129187417746524	0.01
1228	0.00135719495105247	0.01
1227	0.00138328466704407	0.01
1226	0.00128945973240935	0.01
1225	0.00104249448421867	0.01
1224	7.05503503160676E-4	0.01
1223	3.53275307420464E-4	0.01
1222	6.05984151822447E-5	0.01
1221	-1.0525697364705E-4	0.01
1220	-1.48826580187E-4	0.01
1219	-1.1450370423205E-4	0.01
1218	-4.71076363461886E-5	0.01
1217	8.64050095805702E-6	0.01
1216	2.61731405557519E-5	0.01
1215	1.81922023831937E-5	0.01
1214	2.52696702673916E-6	0.01
1213	-2.9932849290315E-6	0.01
1212	1.69308381789968E-5	0.01
1211	5.14462174878716E-5	0.01
1210	7.42552558150589E-5	0.01
1209	5.88601213826756E-5	0.01
1208	-2.11096778608422E-5	0.01
1207	-1.60478364565675E-4	0.01
1206	-2.81308421839821E-4	0.01
1205	-2.95437803158327E-4	0.01
1204	-1.14704461996018E-4	0.01
1203	3.32128881223692E-4	0.01
1202	9.26569386945131E-4	0.01
1201	0.0014309707865523	0.01
1200	0.001605842089212	0.01
1199	0.00121272299469233	0.01
1198	3.70146971141683E-4	0.01
1197	7.5174437881298E-5	0.01
1196	0.00145758540218655	0.01
1195	0.0056471598713328	0.01
1194	0.0136033518929883	0.01
1193	0.024210610858042	0.01
1192	0.0349681554848691	0.01
1191	0.0433499344434436	0.01
1190	0.0468324344359641	0.01
1189.0694239291	0.118541033434651	0.01
1189	0.0441920765376991	0.01
1188	0.0376206659735421	0.01
1187	0.0298641987059722	0.01
1186	0.0236686706974694	0.01
1185	0.021576600360647	0.01
1184	0.0234302488871694	0.01
1183	0.0271563640969936	0.01
1182	0.0306409886385628	0.01
1181	0.031771140712193	0.01
1180	0.0292314071465711	0.01
1179	0.0239450686809377	0.01
1178	0.0172252704643912	0.01
1177	0.0103851576460292	0.01
1176	0.00470798287920271	0.01
1175	0.00104374709173927	0.01
1174	-8.40344603618703E-5	0.01
1173	0.00184015147183669	0.01
1172	0.00733137236869696	0.01
1171	0.0162553404236794	0.01
1170	0.0265292907389394	0.01
1169	0.0357065183498693	0.01
1168.38995568685	0.0729483282674772	0.01
1168	0.0413403182918606	0.01
1167	0.0411607837002299	0.01
1166	0.035704798312316	0.01
1165	0.0277555431023493	0.01
1164	0.0201591518725919	0.01
1163	0.0157614056459006	0.01
1162	0.0163216421055663	0.01
1161	0.0201120782933444	0.01
1160	0.0247067161355172	0.01
1159	0.0276795575583682	0.01
1158	0.0267315184610852	0.01
1157	0.021777635321194	0.01
1156	0.0146144462698206	0.01
1155	0.00709832653536591	0.01
1154	0.00108559211999082	0.01
1153	-0.00208873226379525	0.01
1152	-0.00288030253617722	0.01
1151	-0.00212897208958518	0.01
1150	-6.74594316448562E-4	0.01
1149	6.67998995977026E-4	0.01
1148	0.00156540150006257	0.01
1147	0.00211853157364095	0.01
1146	0.00244387774221022	0.01
1145	0.00265792788712282	0.01
1144	0.00284532526872772	0.01
1143	0.00297359183241364	0.01
1142	0.00298333005117302	0.01
1141	0.00281514239799852	0.01
1140	0.00241377809699106	0.01
1139	0.00181233187318641	0.01
1138	0.00112850648864948	0.01
1137	4.8340352591203E-4	0.01
1136	-1.87543697727222E-6	0.01
1135	-2.39988374703959E-4	0.01
1134	-2.76569984322128E-4	0.01
1133	-1.89991614996998E-4	0.01
1132	-5.86246158928994E-5	0.01
1131	4.11136723188488E-5	0.01
1130	7.91088237492854E-5	0.01
1129	7.2318141201011E-5	0.01
1128	3.98067118232426E-5	0.01
1127	6.39622766085424E-7	0.01
1126	-2.87958818099288E-5	0.01
1125	-4.34099860830983E-5	0.01
1124	-4.10916736757194E-5	0.01
1123	-1.97299440207743E-5	0.01
1122	2.22710200559195E-5	0.01
1121	7.28604690132251E-5	0.01
1120	1.05260922667716E-4	0.01
1119	9.19632916016599E-5	0.01
1118	5.45848639776914E-6	0.01
1117	-1.61831521169775E-4	0.01
1116	-3.27414207245358E-4	0.01
1115	-3.83365729183849E-4	0.01
1114	-2.2176072988378E-4	0.01
1113	2.61549504396719E-4	0.01
1112	0.00105825627045908	0.01
1111	0.00203121636899772	0.01
1110	0.00303621555148914	0.01
1109	0.00392903956941049	0.01
1108	0.00459009251103737	0.01
1107	0.00501897533451823	0.01
1106	0.00525131517877919	0.01
1105	0.00532274686336809	0.01
1104	0.00526847058168367	0.01
1103	0.00510904558495962	0.01
1102	0.00484722261140758	0.01
1101	0.00448467663136265	0.01
1100	0.00402308261515905	0.01
1099	0.00346953601167987	0.01
1098	0.00285926079642174	0.01
1097	0.00223657704786739	0.01
1096	0.00164580942861958	0.01
1095	0.00113074079189457	0.01
1094	7.14357818430988E-4	0.01
1093	3.92785492152603E-4	0.01
1092	1.603689192895E-4	0.01
1091	1.14532060706551E-5	0.01
1090	-6.15069500544685E-5	0.01
1089	-7.65757873140149E-5	0.01
1088	-5.54549024225359E-5	0.01
1087	-1.98493829028923E-5	0.01
1086	8.78594720377102E-6	0.01
1085	2.00309056581638E-5	0.01
1084	1.86043984324868E-5	0.01
1083	1.03223058980362E-5	0.01
1082	1.00050842588573E-6	0.01
1081	-4.34843765417803E-6	0.01
1080	-5.50789666853291E-6	0.01
1079	-4.033465565767E-6	0.01
1078	-1.48357830886958E-6	0.01
1077	5.98242372751301E-7	0.01
1076	1.4308120406259E-6	0.01
1075	1.34417561259426E-6	0.01
1074	7.56188569983607E-7	0.01
1073	8.47063912345902E-8	0.01
1072	-3.05788641297156E-7	0.01
1071	-3.92938898308159E-7	0.01
1070	-2.89402613651291E-7	0.01
1069	-1.0816774476119E-7	0.01
1068	3.86871985558201E-8	0.01
1067	9.35775927857208E-8	0.01
1066	8.33424360635604E-8	0.01
1065	4.20780754684102E-8	0.01
1064	3.88086007774291E-9	0.01
1063	-2.47651277263117E-9	0.01
1062	1.51075791876565E-8	0.01
1061	3.32896707977426E-8	0.01
1060	2.86723258469124E-8	0.01
1059	-2.1727779131453E-8	0.01
1058	-1.11447334694148E-7	0.01
1057	-1.85518765016823E-7	0.01
1056	-1.84448675444315E-7	0.01
1055	-4.87436691010146E-8	0.01
1054	2.5777270540317E-7	0.01
1053	5.98505292881413E-7	0.01
1052	7.59247789083872E-7	0.01
1051	5.25424046493583E-7	0.01
1050	-3.13517685146536E-7	0.01
1049	-1.62354369614981E-6	0.01
1048	-2.66686799732518E-6	0.01
1047	-2.64467939481428E-6	0.01
1046	-7.58166694980744E-7	0.01
1045	3.49677008681937E-6	0.01
1044	8.27253217949853E-6	0.01
1043	1.05955008811165E-5	0.01
1042	7.48500756464487E-6	0.01
1041	-3.99593132272003E-6	0.01
1040	-2.22018459610229E-5	0.01
1039	-3.69427507460607E-5	0.01
1038	-3.70947823593593E-5	0.01
1037	-1.15340774817785E-5	0.01
1036	4.71109856494678E-5	0.01
1035	1.13925207275045E-4	0.01
1034	1.47525309467156E-4	0.01
1033	1.06396507580264E-4	0.01
1032	-5.05119843972057E-5	0.01
1031	-3.03379184453112E-4	0.01
1030	-5.11529774086084E-4	0.01
1029	-5.20028478029344E-4	0.01
1028	-1.73940021017227E-4	0.01
1027	6.39658680061883E-4	0.01
1026	0.00164330262172907	0.01
1025	0.00234753267865107	0.01
1024	0.00226078189789614	0.01
1023	8.95520981800235E-4	0.01
1022	-0.00155649616040998	0.01
1021	-0.00346669988024062	0.01
1020	-0.00302375764123286	0.01
1019	0.00158366309307056	0.01
1018	0.0118759654760072	0.01
1017	0.0264493322799391	0.01
1016	0.0422102004360332	0.01
1015	0.0560445000179141	0.01
1014	0.0648456582225097	0.01
1013.29394387002	0.151975683890578	0.01
1013	0.0671754804758407	0.01
1012	0.0653577033071197	0.01
1011	0.0622312650665238	0.01
1010	0.0606351041042302	0.01
1009	0.06310426083478	0.01
1008	0.0688636099623466	0.01
1007	0.0751036135572098	0.01
1006	0.0789850958141537	0.01
1005	0.0776735636820065	0.01
1004	0.0697679295491686	0.01
1003	0.0573147779640412	0.01
1002	0.0428684874700616	0.01
1001	0.0289834366106667	0.01
1000	0.0180571113945871	0.01
999	0.010631276395666	0.01
998	0.00603515941113586	0.01
997	0.00357708077960339	0.01
996	0.00256558574488985	0.01
995	0.00240884597814461	0.01
994	0.00277080613778602	0.01
993	0.0033558861677252	0.01
992	0.00386850601187327	0.01
991	0.0040330075018713	0.01
990	0.00383019148806407	0.01
989	0.00341894467329884	0.01
988	0.00296174451442055	0.01
987	0.00262097956315199	0.01
986	0.00249802558309931	0.01
985	0.00252695306862827	0.01
984	0.00261341033890883	0.01
983	0.00266304571311293	0.01
982	0.0025901865320368	0.01
981	0.00243106839271645	0.01
980	0.00231186270261685	0.01
979	0.00236083936471987	0.01
978	0.00270619678669926	0.01
977	0.00339245612474803	0.01
976	0.00421890151389714	0.01
975	0.00494012375002795	0.01
974	0.00531071362902225	0.01
973	0.0051023898947169	0.01
972	0.00435011715280553	0.01
971	0.00329512745991178	0.01
970	0.0021841721851088	0.01
969	0.001263975754072	0.01
968	7.19104487961753E-4	0.01
967	5.39304381722117E-4	0.01
966	6.76254071089177E-4	0.01
965	0.00108163219179858	0.01
964	0.00170517145859317	0.01
963	0.00246377773719386	0.01
962	0.0032470436963068	0.01
961	0.00394373051492347	0.01
960	0.00444260620240833	0.01
959	0.00467201434242193	0.01
958	0.00469302714983133	0.01
957	0.00459451090998808	0.01
956	0.00446533190824283	0.01
955	0.00438998607195962	0.01
954	0.00437176600266986	0.01
953	0.00434223127108146	0.01
952	0.00423047428377576	0.01
951	0.00396558862091823	0.01
950	0.0035044899887704	0.01
949	0.00290398627173216	0.01
948	0.00224329574013926	0.01
947	0.00160163666432633	0.01
946	0.00105596296157895	0.01
945	6.36709682372505E-4	0.01
944	3.30687650594186E-4	0.01
943	1.23023014291235E-4	0.01
942	-1.15808034073517E-6	0.01
941	-5.75700322580364E-5	0.01
940	-6.51590770381905E-5	0.01
939	-4.36480772048053E-5	0.01
938	-1.27598952812669E-5	0.01
937	8.34740147026558E-6	0.01
936	1.34004002105836E-5	0.01
935	8.95192734873262E-6	0.01
934	2.10792144295091E-6	0.01
933	-2.56789463026763E-8	0.01
932	7.09850505486997E-6	0.01
931	1.74914451367414E-5	0.01
930	2.24522519891579E-5	0.01
929	1.3280033898333E-5	0.01
928	-1.80599692982675E-5	0.01
927	-6.26463547150902E-5	0.01
926	-9.36401002267218E-5	0.01
925	-8.33435775395852E-5	0.01
924	-4.05915835788306E-6	0.01
923	1.65402715550877E-4	0.01
922	4.17524710652595E-4	0.01
921	7.36876817545529E-4	0.01
920	0.00110802877825256	0.01
919	0.00151496244737293	0.01
918	0.00192487201860159	0.01
917	0.00228611993092231	0.01
916	0.00254607022445841	0.01
915	0.00265208693933272	0.01
914	0.00256632182475425	0.01
913	0.00232080596203055	0.01
912	0.00196819172797857	0.01
911	0.00156113449310613	0.01
910	0.00115178429799911	0.01
909	7.76004392389451E-4	0.01
908	4.50261265396934E-4	0.01
907	1.89888121844728E-4	0.01
906	1.02181665564416E-5	0.01
905	-7.89821139837166E-5	0.01
904	-9.61360050271143E-5	0.01
903	-6.85689140433876E-5	0.01
902	-2.36096673467134E-5	0.01
901	1.18115781315709E-5	0.01
900	2.53667990355311E-5	0.01
899	2.31939239798695E-5	0.01
898	1.26156899062924E-5	0.01
897	9.54833754951423E-7	0.01
896	-5.58942331108092E-6	0.01
895	-6.91744617831169E-6	0.01
894	-4.98975132212642E-6	0.01
893	-1.76846019228627E-6	0.01
892	8.08401475316245E-7	0.01
891	1.81361310302997E-6	0.01
890	1.67756848745704E-6	0.01
889	9.26016485713888E-7	0.01
888	8.47059560271646E-8	0.01
887	-3.95273826114817E-7	0.01
886	-4.97618616313034E-7	0.01
885	-3.62990026481214E-7	0.01
884	-1.3226203798844E-7	0.01
883	5.51325269881886E-8	0.01
882	1.2962005668804E-7	0.01
881	1.21305376410419E-7	0.01
880	6.79355556254535E-8	0.01
879	7.25766291509444E-9	0.01
878	-2.79323417728961E-8	0.01
877	-3.57880307610969E-8	0.01
876	-2.63983672699197E-8	0.01
875	-9.87764603443964E-9	0.01
874	3.7450187395649E-9	0.01
873	9.26073928653182E-9	0.01
872	8.76951400385906E-9	0.01
871	4.98145258376326E-9	0.01
870	6.06663830282628E-10	0.01
869	-1.97236826871006E-9	0.01
868	-2.57326138175529E-9	0.01
867	-1.91934956816908E-9	0.01
866	-7.36773975162919E-10	0.01
865	2.53289833551662E-10	0.01
864	6.61645627175744E-10	0.01
863	6.34225783002762E-10	0.01
862	3.65485863795811E-10	0.01
861	4.98814323179886E-11	0.01
860	-1.39711575641854E-10	0.01
859	-1.86246129629808E-10	0.01
858	-1.41110234608277E-10	0.01
857	-5.59854385073777E-11	0.01
856	1.77220460528815E-11	0.01
855	5.06950037504339E-11	0.01
854	5.1482595964103E-11	0.01
853	3.23556736958608E-11	0.01
852	5.58619817070394E-12	0.01
851	-1.73328018604479E-11	0.01
850	-3.09565706402282E-11	0.01
849	-3.26731974809036E-11	0.01
848	-1.9885648683271E-11	0.01
847	9.91673410055682E-12	0.01
846	5.09059461251127E-11	0.01
845	8.20423728953301E-11	0.01
844	8.06694711030786E-11	0.01
843	2.41304753956229E-11	0.01
842	-1.02086339381913E-10	0.01
841	-2.44244846570041E-10	0.01
840	-3.14564818637564E-10	0.01
839	-2.25014229471299E-10	0.01
838	1.11350040299385E-10	0.01
837	6.49902576199679E-10	0.01
836	1.09052411545463E-9	0.01
835	1.10374664963331E-9	0.01
834	3.60101948260194E-10	0.01
833	-1.36515998505615E-9	0.01
832	-3.34986482997124E-9	0.01
831	-4.36881242293907E-9	0.01
830	-3.1921605359031E-9	0.01
829	1.39856171088582E-9	0.01
828	8.87478868172309E-9	0.01
827	1.50943426646677E-8	0.01
826	1.5467324088192E-8	0.01
825	5.40383360281282E-9	0.01
824	-1.83588060309603E-8	0.01
823	-4.6109214446588E-8	0.01
822	-6.08007935110066E-8	0.01
821	-4.53037867220729E-8	0.01
820	1.73963847771574E-8	0.01
819	1.21178993284232E-7	0.01
818	2.08921346889213E-7	0.01
817	2.16694319377098E-7	0.01
816	8.05687845328862E-8	0.01
815	-2.46615403654005E-7	0.01
814	-6.3449844511787E-7	0.01
813	-8.45954644779212E-7	0.01
812	-6.42397252281768E-7	0.01
811	2.13637187718163E-7	0.01
810	1.65383436634414E-6	0.01
809	2.89099345374133E-6	0.01
808	3.03469657736422E-6	0.01
807	1.19452586400115E-6	0.01
806	-3.3087590833869E-6	0.01
805	-8.72861110234879E-6	0.01
804	-1.17671903467897E-5	0.01
803	-9.10141207466353E-6	0.01
802	2.58136787389951E-6	0.01
801	2.25603019974319E-5	0.01
800	3.99950510465708E-5	0.01
799	4.2483693926787E-5	0.01
798	1.76243095437734E-5	0.01
797	-4.4334888683828E-5	0.01
796	-1.20040946628874E-4	0.01
795	-1.63639200167154E-4	0.01
794	-1.2884504966304E-4	0.01
793	3.05710489127975E-5	0.01
792	3.28748902922005E-4	0.01
791	6.93857330290593E-4	0.01
790	0.0010398192170582	0.01
789	0.00128055744926425	0.01
788	0.00133853886311641	0.01
787	0.00125257756647668	0.01
786	0.00114551426155352	0.01
785	0.00114205407757439	0.01
784	0.00136683583827812	0.01
783	0.00188104415681378	0.01
782	0.00256421252335071	0.01
781	0.00326357562540136	0.01
780	0.0038263681504771	0.01
779	0.00411042391117977	0.01
778	0.00413134425917594	0.01
777	0.00402575884063672	0.01
776	0.00393338632233053	0.01
775	0.00399391077849054	0.01
774	0.0042854776289496	0.01
773	0.00469787113205267	0.01
772	0.00508496002368153	0.01
771	0.00530061303971707	0.01
770	0.0052149653973903	0.01
769	0.00496361048426697	0.01
768	0.00489839884849763	0.01
767	0.00537747751629913	0.01
766	0.00675899242564726	0.01
765	0.00939669837476598	0.01
764	0.0136299707976226	0.01
763	0.0197952463878939	0.01
762	0.0282289618392551	0.01
761	0.0391981339950156	0.01
760	0.0517235709259273	0.01
759.970457902511	0.221884498480243	0.01
759	0.063748152166475	0.01
758	0.073179215624988	0.01
757	0.0779241634616877	0.01
756	0.0767418388074492	0.01
755	0.0713754709491099	0.01
754	0.0642217951597734	0.01
753	0.0576775467125425	0.01
752	0.0540295839850383	0.01
751	0.0533868992692433	0.01
750	0.0538586318191199	0.01
749	0.0534797277750617	0.01
748	0.0502851394446218	0.01
747	0.0429955878936166	0.01
746	0.0329056432556396	0.01
745	0.021913611109202	0.01
744	0.0119177970328153	0.01
743	0.00475392551069898	0.01
742	8.82465825128076E-4	0.01
741	-5.7666695093328E-4	0.01
740	-5.59197219313079E-4	0.01
739	-8.49381839751473E-7	0.01
738	3.36314191318188E-4	0.01
737	3.88314408325874E-4	0.01
736	2.66556027434861E-4	0.01
735	8.24438076734157E-5	0.01
734	-5.53352701946341E-5	0.01
733	-1.04618101368859E-4	0.01
732	-9.20755378550631E-5	0.01
731	-4.7558394866698E-5	0.01
730	-9.17487619211954E-7	0.01
729	2.38517413246875E-5	0.01
728	2.79642402121194E-5	0.01
727	1.94184178134993E-5	0.01
726	6.21277595880265E-6	0.01
725	-3.82307523749681E-6	0.01
724	-7.48807023054354E-6	0.01
723	-6.66516281055962E-6	0.01
722	-3.49754508333078E-6	0.01
721	-1.28409154864784E-7	0.01
720	1.690555119227E-6	0.01
719	2.0133345712825E-6	0.01
718	1.41414753973557E-6	0.01
717	4.67260617753595E-7	0.01
716	-2.63478720397003E-7	0.01
715	-5.35786930155879E-7	0.01
714	-4.82357414899326E-7	0.01
713	-2.57064439734833E-7	0.01
712	-1.37822688817124E-8	0.01
711	1.19746191407089E-7	0.01
710	1.44917839728365E-7	0.01
709	1.02951851710387E-7	0.01
708	3.50786939495862E-8	0.01
707	-1.8108758936819E-8	0.01
706	-3.83241316459504E-8	0.01
705	-3.48997708510268E-8	0.01
704	-1.88832796066407E-8	0.01
703	-1.32226185556306E-9	0.01
702	8.47664338721188E-9	0.01
701	1.04292361413627E-8	0.01
700	7.49357553786467E-9	0.01
699	2.62960808683488E-9	0.01
698	-1.24137389256873E-9	0.01
697	-2.74253864063212E-9	0.01
696	-2.5278570348064E-9	0.01
695	-1.38951361527972E-9	0.01
694	-1.19692256106418E-10	0.01
693	6.04649441626748E-10	0.01
692	7.61172458396686E-10	0.01
691	5.58406432205061E-10	0.01
690	2.05142569598138E-10	0.01
689	-9.1997520712539E-11	0.01
688	-2.26208163311981E-10	0.01
687	-2.30100161147107E-10	0.01
686	-1.46652023857996E-10	0.01
685	-1.88420390401234E-11	0.01
684	1.11000098002023E-10	0.01
683	2.04503303180559E-10	0.01
682	2.24789076241905E-10	0.01
681	1.34979583066297E-10	0.01
680	-1.00182084850076E-10	0.01
679	-4.29275059943279E-10	0.01
678	-6.72238709142903E-10	0.01
677	-6.38587627221909E-10	0.01
676	-1.37836853042472E-10	0.01
675	9.30642007901383E-10	0.01
674	2.07914263583575E-9	0.01
673	2.58324650559416E-9	0.01
672	1.71788960834363E-9	0.01
671	-1.22202337138333E-9	0.01
670	-5.68450531091003E-9	0.01
669	-9.13448228168079E-9	0.01
668	-8.86218054496624E-9	0.01
667	-2.1578268061262E-9	0.01
666	1.25300347875168E-8	0.01
665	2.860070469346E-8	0.01
664	3.59536191929521E-8	0.01
663	2.44747484501318E-8	0.01
662	-1.5726131730176E-8	0.01
661	-7.77527955353463E-8	0.01
660	-1.26549839940537E-7	0.01
659	-1.24370921561479E-7	0.01
658	-3.3469695459587E-8	0.01
657	1.6908702349383E-7	0.01
656	3.94051365981696E-7	0.01
655	5.00818240656287E-7	0.01
654	3.48516300485713E-7	0.01
653	-2.0126108291052E-7	0.01
652	-1.06324422977089E-6	0.01
651	-1.75299274451923E-6	0.01
650	-1.74476758463271E-6	0.01
649	-5.12829706478257E-7	0.01
648	2.27960059473453E-6	0.01
647	5.42765736932793E-6	0.01
646	6.97433076402021E-6	0.01
645	4.95753595375348E-6	0.01
644	-2.55820488392899E-6	0.01
643	-1.45332796332998E-5	0.01
642	-2.42769852869529E-5	0.01
641	-2.44667215845151E-5	0.01
640	-7.77988826672349E-6	0.01
639	3.07021029135601E-5	0.01
638	7.47394224522857E-5	0.01
637	9.70976532543855E-5	0.01
636	7.0448479106977E-5	0.01
635	-3.22559085288443E-5	0.01
634	-1.98564774527066E-4	0.01
633	-3.3612834611163E-4	0.01
632	-3.42955958690938E-4	0.01
631	-1.17056947674277E-4	0.01
630	4.24013269322288E-4	0.01
629	0.00117683489411125	0.01
628	0.00193517872788784	0.01
627	0.00249172915547757	0.01
626	0.00263983218542441	0.01
625	0.00229332329574983	0.01
624	0.00162574850901898	0.01
623	8.44423440405917E-4	0.01
622	1.56663705085824E-4	0.01
621	-2.47965395550276E-4	0.01
620	-3.62570151380082E-4	0.01
619	-2.87761840834566E-4	0.01
618	-1.25531128504219E-4	0.01
617	2.22778963510084E-5	0.01
616	8.95058918859437E-5	0.01
615	9.20039989369403E-5	0.01
614	5.71005337184349E-5	0.01
613	1.21238124437539E-5	0.01
612	-1.73979173789807E-5	0.01
611	-2.60230273594342E-5	0.01
610	-2.0881341221024E-5	0.01
609	-9.29545922678798E-6	0.01
608	1.41917109441891E-6	0.01
607	6.3752230037295E-6	0.01
606	6.63898318142842E-6	0.01
605	4.17253646656235E-6	0.01
604	9.37967699066178E-7	0.01
603	-1.21922965079513E-6	0.01
602	-1.8672530295305E-6	0.01
601	-1.51483541710462E-6	0.01
600	-6.87715906888542E-7	0.01
599	8.86960653811997E-8	0.01
598	4.53881291884173E-7	0.01
597	4.78951859950172E-7	0.01
596	3.04779307791492E-7	0.01
595	7.2235172732249E-8	0.01
594	-8.53331254546674E-8	0.01
593	-1.33943225621991E-7	0.01
592	-1.09861679753465E-7	0.01
591	-5.08355439965413E-8	0.01
590	5.40219380340545E-9	0.01
589	3.22943070063531E-8	0.01
588	3.45362931586379E-8	0.01
587	2.22448401920872E-8	0.01
586	5.53663559443862E-9	0.01
585	-5.95574456419001E-9	0.01
584	-9.58119472649344E-9	0.01
583	-7.93189203207589E-9	0.01
582	-3.72753228283784E-9	0.01
581	3.12734727003772E-10	0.01
580	2.23561347212353E-9	0.01
579	2.37723996043826E-9	0.01
578	1.49970813545508E-9	0.01
577	3.65111052502698E-10	0.01
576	-3.01133562530254E-10	0.01
575	-3.5284175581296E-10	0.01
574	-1.05836450714492E-10	0.01
573	1.11204379038554E-10	0.01
572	-3.03341796126233E-11	0.01
571	-6.76817046851852E-10	0.01
570	-1.39185840630773E-9	0.01
569	-1.62284230498244E-9	0.01
568	-8.17153011922755E-10	0.01
567	1.50518331132332E-9	0.01
566	4.56364634970896E-9	0.01
565	6.51016751618272E-9	0.01
564	5.46296075043529E-9	0.01
563	-4.59550619780202E-10	0.01
562	-1.14204383727667E-8	0.01
561	-2.17020419412961E-8	0.01
560	-2.43298334812181E-8	0.01
559	-1.23292842602041E-8	0.01
558	2.04047967411469E-8	0.01
557	6.33444188213872E-8	0.01
556	9.10059045899914E-8	0.01
555	7.73729253999988E-8	0.01
554	-3.57032892139841E-9	0.01
553	-1.55467573037527E-7	0.01
552	-2.99995191799241E-7	0.01
551	-3.40062404236008E-7	0.01
550	-1.78578430265475E-7	0.01
549	2.70913701250208E-7	0.01
548	8.69635901512567E-7	0.01
547	1.26382399634473E-6	0.01
546	1.09113119051152E-6	0.01
545	-1.07892363931938E-8	0.01
544	-2.11297963970125E-6	0.01
543	-4.14345713717346E-6	0.01
542	-4.74992532795149E-6	0.01
541	-2.58008781095498E-6	0.01
540	5.34047715827768E-6	0.01
539	6.0191370657936E-5	0.01
538	2.41862050995412E-4	0.01
537	6.31965042850346E-4	0.01
536	0.00131211287090216	0.01
535	0.00233472596547735	0.01
534	0.00362954057512099	0.01
533	0.00509406878689589	0.01
532	0.00662582255075317	0.01
531	0.00812578252189189	0.01
530	0.00958622632896433	0.01
529	0.0110976258028159	0.01
528	0.0127553032193581	0.01
527	0.014654580854502	0.01
526	0.0168286735456078	0.01
525	0.0190312064935365	0.01
524	0.0209371645868472	0.01
523	0.0222215284447493	0.01
522	0.0225676392880085	0.01
521	0.0219061260746702	0.01
520	0.0204499697592682	0.01
519	0.0184275634270807	0.01
518	0.0160673001633864	0.01
517	0.0135792514741777	0.01
516	0.0110851224352795	0.01
515	0.00868001153101283	0.01
514	0.006459011890799	0.01
513	0.00451596080749805	0.01
512	0.00290269008173616	0.01
511	0.00162010952966862	0.01
510	6.66069092752464E-4	0.01
509	3.84187124431445E-5	0.01
508	-2.75756245687875E-4	0.01
507	-3.45013954879958E-4	0.01
506	-2.55838642550188E-4	0.01
505	-9.47232039456569E-5	0.01
504	5.28023417816215E-5	0.01
503	1.37889049368178E-4	0.01
502	1.58908167052774E-4	0.01
501	1.17343880415399E-4	0.01
500	1.46803750356028E-5	0.01
499	-1.38244712370783E-4	0.01
498	-2.78751526921583E-4	0.01
497	-3.26300515102629E-4	0.01
496	-2.00335523984352E-4	0.01
495	1.77578108759402E-4	0.01
494	7.93079816064246E-4	0.01
493	0.00150492802838809	0.01
492	0.00216273267541056	0.01
491	0.00261610368681131	0.01
490	0.00275966769393965	0.01
489	0.00275574281647262	0.01
488	0.00286520137572399	0.01
487	0.00334906940957946	0.01
486	0.00446316441384731	0.01
485	0.00619928676110115	0.01
484	0.00816569737297623	0.01
483	0.00994049425835519	0.01
482	0.01110177542612	0.01
481	0.0113122242299384	0.01
480	0.010774552633406	0.01
479	0.00990380928300216	0.01
478	0.00911555019794386	0.01
477	0.00882003327006453	0.01
476	0.00911296255505811	0.01
475	0.00960439100088428	0.01
474	0.00986281724768712	0.01
473	0.00945673993561136	0.01
472	0.00804057021314919	0.01
471	0.00585811700007333	0.01
470	0.00340053187281542	0.01
469	0.00115981470752158	0.01
468	-3.76012126749981E-4	0.01
467	-9.98956109855342E-4	0.01
466	-9.60700745291199E-4	0.01
465	-5.5562663444797E-4	0.01
464	-7.81143787167427E-5	0.01
463	2.09366589664528E-4	0.01
462	2.798276558027E-4	0.01
461	2.11681658141671E-4	0.01
460	8.38355816765723E-5	0.01
459	-2.52066644106375E-5	0.01
458	-7.10821886600321E-5	0.01
457	-6.90396425113704E-5	0.01
456	-4.03263645576413E-5	0.01
455	-6.18969339072351E-6	0.01
454	1.42646870104901E-5	0.01
453	1.89494214326569E-5	0.01
452	1.38967722038696E-5	0.01
451	5.18910869629075E-6	0.01
450	-1.11999851748479E-6	0.01
449	-1.96220838333261E-6	0.01
448	1.83964007360871E-7	0.01
447	2.23637975382829E-6	0.01
446	1.11289995463615E-6	0.01
445	-5.60026300266969E-6	0.01
444	-1.45904106787498E-5	0.01
443	-1.9634300090221E-5	0.01
442	-1.44857450061764E-5	0.01
441	7.03389344369754E-6	0.01
440	4.23574919996561E-5	0.01
439	7.16153650477391E-5	0.01
438	7.2904906567306E-5	0.01
437	2.43235105374939E-5	0.01
436	-8.92853630254375E-5	0.01
435	-2.20664110161417E-4	0.01
434	-2.88780396718646E-4	0.01
433	-2.12269984843472E-4	0.01
432	8.98538167861673E-5	0.01
431	6.3598677040555E-4	0.01
430	0.00131260368812747	0.01
429	0.00198946895153629	0.01
428	0.00253634694221616	0.01
427	0.00283625620428452	0.01
426	0.00290484591325435	0.01
425	0.00283413983007264	0.01
424	0.00271707873659421	0.01
423	0.00264639646175024	0.01
422	0.00266953141891957	0.01
421	0.00273215485177936	0.01
420	0.00276605797830443	0.01
419	0.00270303201646871	0.01
418	0.00248822161171636	0.01
417	0.0022115607927049	0.01
416	0.00205166462659334	0.01
415	0.00218842745962955	0.01
414	0.00280092887330818	0.01
413	0.00382355924918043	0.01
412	0.00460430999377159	0.01
411	0.00440515314062906	0.01
410	0.00248806072330066	0.01
409	-0.00161785015357196	0.01
408	-0.00523841426199279	0.01
407	-0.00365149451729296	0.01
406	0.00790003868761757	0.01
405	0.0341649350494224	0.01
404	0.0762617982142924	0.01
403	0.126023636776171	0.01
402	0.17381990634344	0.01
401	0.210020062524483	0.01
400	0.225804508082653	0.01
399	0.222743070271426	0.01
398.079763663221	0.410334346504559	0.01
398	0.209595529567998	0.01
397	0.195265414173527	0.01
396	0.18865003595189	0.01
395	0.194493201069773	0.01
394	0.206191400314115	0.01
393	0.215221028341793	0.01
392	0.213058479809681	0.01
391	0.191870127490244	0.01
390	0.153466062427962	0.01
389	0.106746836996421	0.01
388	0.0607771402940857	0.01
387	0.026662648468029	0.01
386	0.0177713083535511	0.01
385	0.0106801107448968	0.01
384	0.00521657407229359	0.01
383	0.00120821676597083	0.01
382	-0.00151744274384336	0.01
381	-0.00313288602692086	0.01
380	-0.00381059465303357	0.01
379	-0.00372305019195229	0.01
378	-0.00304273421344892	0.01
377	-0.00194212828729579	0.01
376	-5.93713983263688E-4	0.01
375	8.30027128875699E-4	0.01
374	0.00215661347935026	0.01
373	0.00404382765299616	0.01
372	0.00456439587837432	0.01
371	0.00343811960755369	0.01
370	0.00158427582036302	0.01
369	-7.79033096405257E-5	0.01
368	-8.73442036171124E-4	0.01
367	-9.43439969445681E-4	0.01
366	-5.99227160931859E-4	0.01
365	-1.52133662098208E-4	0.01
364	9.92933195300694E-5	0.01
363	9.27126627725539E-5	0.01
362	-2.62561436894515E-5	0.01
361	-1.04888600792385E-4	0.01
360	9.53736875808353E-6	0.01
359	4.17851715656781E-4	0.01
358	0.00103528373176398	0.01
357	0.00173558419927056	0.01
356	0.00239250390036649	0.01
355	0.00288299077004917	0.01
354	0.00314929924562213	0.01
353	0.00319472197384285	0.01
352	0.00302489387293137	0.01
351	0.00264544991057525	0.01
350	0.00207909023604946	0.01
349	0.0014138777122128	0.01
348	7.53521883993802E-4	0.01
347	2.01732296320589E-4	0.01
346	-1.41547880179393E-4	0.01
345	-2.61784350496397E-4	0.01
344	-2.29180604979007E-4	0.01
343	-1.1757228760656E-4	0.01
342	-7.95042356616094E-7	0.01
341	6.22892665638197E-5	0.01
340	7.4245573081555E-5	0.01
339	5.33881720474749E-5	0.01
338	1.80313674702504E-5	0.01
337	-1.3837735944433E-5	0.01
336	-3.25086784702666E-5	0.01
335	-3.69877398880281E-5	0.01
334	-2.66964922528423E-5	0.01
333	-1.05650761983433E-6	0.01
332	3.72978151415015E-5	0.01
331	7.16148958845864E-5	0.01
330	8.12668271792383E-5	0.01
329	4.5625593236398E-5	0.01
328	-5.43025371941841E-5	0.01
327	-1.91149583658623E-4	0.01
326	-2.85714697016104E-4	0.01
325	-2.56064242055931E-4	0.01
324	-2.02645835669646E-5	0.01
323	4.73197243506585E-4	0.01
322	0.00113263598472635	0.01
321	0.0018242695599231	0.01
320	0.00241431017102034	0.01
319	0.00277225350936483	0.01
318	0.00287268871661617	0.01
317	0.0028149465508378	0.01
316	0.00270560711517276	0.01
315	0.00265125051276338	0.01
314	0.00272887119535259	0.01
313	0.00286622345478249	0.01
312	0.00294411062432132	0.01
311	0.0028433188164525	0.01
310	0.0024483059264524	0.01
309	0.00177703039210431	0.01
308	0.00101570875264612	0.01
307	3.6129772802096E-4	0.01
306	1.07540381730775E-5	0.01
305	1.19034166272236E-4	0.01
304	6.13965162082453E-4	0.01
303	0.00134694771545418	0.01
302	0.00216932501506117	0.01
301	0.00293439356922631	0.01
300	0.00357675208113006	0.01
299	0.00413982785718003	0.01
298	0.00467465396878297	0.01
297	0.00523226348734473	0.01
296	0.00585170841964278	0.01
295	0.00650254312894583	0.01
294	0.00712932503132291	0.01
293	0.00767657865247462	0.01
292	0.00808961416956788	0.01
291	0.00835150874444568	0.01
290	0.00849904452693195	0.01
289	0.00857310129758559	0.01
288	0.00861455883696394	0.01
287	0.00865332425632714	0.01
286	0.00865098723695468	0.01
285	0.00854288825039462	0.01
284	0.00826431333045652	0.01
283	0.00775157422002737	0.01
282	0.00699850789196921	0.01
281	0.00608587912426728	0.01
280	0.0051016749558892	0.01
279	0.00413388242580393	0.01
278	0.00326360026733963	0.01
277	0.00252585647496839	0.01
276	0.00193678205820746	0.01
275	0.00151245059958383	0.01
274	0.00126848962202653	0.01
273	0.00119099650532806	0.01
272	0.00121863101274022	0.01
271	0.00128577113867534	0.01
270	0.00132679487754461	0.01
269	0.00128830033527128	0.01
268	0.00120476563094019	0.01
267	0.00114912420028346	0.01
266	0.00119447175615028	0.01
265	0.00141297224243631	0.01
264	0.00180297347282266	0.01
263	0.00223671420277038	0.01
262	0.00257409294996047	0.01
261	0.00267500823207412	0.01
260	0.00244306433578134	0.01
259	0.00212018504240818	0.01
258	0.0021061336362036	0.01
257	0.00280156097010664	0.01
256	0.00460458668481478	0.01
255	0.00766947829534947	0.01
254	0.011707240798869	0.01
253	0.0163819439912929	0.01
252	0.021357657668541	0.01
251	0.0263022907249109	0.01
250	0.0309157799145794	0.01
249	0.0349139831231535	0.01
248.153618906942	0.0759878419452888	0.01
248	0.0380128737270158	0.01
247	0.0399303595303877	0.01
246	0.040615354285447	0.01
245	0.0404637832753989	0.01
244	0.0399227029118672	0.01
243	0.0394391696064766	0.01
242	0.0393896092719852	0.01
241	0.0395145188364543	0.01
240	0.0392177584199109	0.01
239	0.0379001193984927	0.01
238	0.0349652030286227	0.01
237	0.0302422776945743	0.01
236	0.0244379494822953	0.01
235	0.0183670698988048	0.01
234	0.0128444904511207	0.01
233	0.0086169558783904	0.01
232	0.0057683741111374	0.01
231	0.00400920228111135	0.01
230	0.00304571021783162	0.01
229	0.00258448700120284	0.01
228	0.00239523759664251	0.01
227	0.00238630832865439	0.01
226	0.00248447155470188	0.01
225	0.00261649963224775	0.01
224	0.00271374336424235	0.01
223	0.00275580359013494	0.01
222	0.00275120020099728	0.01
221	0.00270884484753364	0.01
220	0.00263767831388084	0.01
219	0.00255442939577888	0.01
218	0.00249407038534355	0.01
217	0.00249418232229548	0.01
216	0.00259234624635574	0.01
215	0.00282059043470029	0.01
214	0.00314745351034418	0.01
213	0.00350101136633763	0.01
212	0.00380868755658392	0.01
211	0.00399800901145153	0.01
210	0.00403560746075682	0.01
209	0.00398586508328203	0.01
208	0.00392818789671767	0.01
207	0.00394198191875428	0.01
206	0.00409978765225527	0.01
205	0.00438879078839549	0.01
204	0.00473835761641617	0.01
203	0.00507675923863005	0.01
202	0.00533231207551843	0.01
201	0.00545909431880776	0.01
200	0.00547994745041547	0.01
199	0.00542906231642104	0.01
198	0.0053406297629055	0.01
197	0.00524832813596565	0.01
196	0.00517889095016666	0.01
195	0.00515405309815753	0.01
194	0.0051954394567939	0.01
193	0.00532466114437224	0.01
192	0.005550559049327	0.01
191	0.00584555273074483	0.01
190	0.00617561119861265	0.01
189	0.00650670346291604	0.01
188	0.006807054994588	0.01
187	0.00707830897468908	0.01
186	0.00734765796922732	0.01
185	0.00764294169791468	0.01
184	0.00799198660105249	0.01
183	0.00839990035120364	0.01
182	0.00880251304886004	0.01
181	0.00912249680519084	0.01
180	0.00928252373136584	0.01
179	0.00920753686710407	0.01
178	0.00885934562362389	0.01
177	0.00822969201518498	0.01
176	0.00731118333243663	0.01
175	0.00609643752813849	0.01
174	0.00461886140530554	0.01
173	0.00304492405354728	0.01
172	0.00156818356258515	0.01
171	3.82198022139457E-4	0.01
170	-3.29655176150023E-4	0.01
169	-5.65769295415075E-4	0.01
168	-4.81236703429033E-4	0.01
167	-2.36281505304969E-4	0.01
166	8.87536224025709E-6	0.01
165	1.32683060656502E-4	0.01
164	1.48616241587796E-4	0.01
163	9.96028728195153E-5	0.01
162	2.85709221365948E-5	0.01
161	-2.29323388996061E-5	0.01
160	-4.05720464375925E-5	0.01
159	-3.49179631191632E-5	0.01
158	-1.74578549723137E-5	0.01
157	3.20539594200753E-7	0.01
156	9.51493980294593E-6	0.01
155	1.08896975037354E-5	0.01
154	7.46790901962058E-6	0.01
153	2.27267067298698E-6	0.01
152	-1.75363435817033E-6	0.01
151	-3.43190755480727E-6	0.01
150	-3.29610389893098E-6	0.01
149	-1.95084265519618E-6	0.01
148	-7.43087813503962E-10	0.01
