2.825000000000000000e+03 1.853186889883078406e-02 1.000000000000000021e-03
2.825250000000000000e+03 2.386965940143688861e-02 1.000000000000000021e-03
2.825500000000000000e+03 2.770160527433173162e-02 1.000000000000000021e-03
2.825750000000000000e+03 3.141483776481412971e-02 1.000000000000000021e-03
2.826000000000000000e+03 3.526869708572055034e-02 1.000000000000000021e-03
2.826250000000000000e+03 3.919169700552298241e-02 1.000000000000000021e-03
2.826500000000000000e+03 4.299083133130134071e-02 1.000000000000000021e-03
2.826750000000000000e+03 4.736585746027595356e-02 1.000000000000000021e-03
2.827000000000000000e+03 5.023727079209284324e-02 1.000000000000000021e-03
2.827250000000000000e+03 5.625021765967753995e-02 1.000000000000000021e-03
2.827500000000000000e+03 5.994062077693344814e-02 1.000000000000000021e-03
2.827750000000000000e+03 6.524371671273751505e-02 1.000000000000000021e-03
2.828000000000000000e+03 7.002059538721078225e-02 1.000000000000000021e-03
2.828250000000000000e+03 7.373894390092008977e-02 1.000000000000000021e-03
2.828500000000000000e+03 7.994127122097678673e-02 1.000000000000000021e-03
2.828750000000000000e+03 8.466556343870786094e-02 1.000000000000000021e-03
2.829000000000000000e+03 9.236471955997918593e-02 1.000000000000000021e-03
2.829250000000000000e+03 9.691022413285414749e-02 1.000000000000000021e-03
2.829500000000000000e+03 1.063761540764924379e-01 1.000000000000000021e-03
2.829750000000000000e+03 1.152039996453093351e-01 1.000000000000000021e-03
2.830000000000000000e+03 1.216314382968003288e-01 1.000000000000000021e-03
2.830250000000000000e+03 1.339039340089659136e-01 1.000000000000000021e-03
2.830500000000000000e+03 1.441104696843437116e-01 1.000000000000000021e-03
2.830750000000000000e+03 1.552175066176469109e-01 1.000000000000000021e-03
2.831000000000000000e+03 1.701570004429184269e-01 1.000000000000000021e-03
2.831250000000000000e+03 1.871847607458886897e-01 1.000000000000000021e-03
2.831500000000000000e+03 2.057870938003614203e-01 1.000000000000000021e-03
2.831750000000000000e+03 2.282741947668588678e-01 1.000000000000000021e-03
2.832000000000000000e+03 2.577619977861256850e-01 1.000000000000000021e-03
2.832250000000000000e+03 2.915625222350295420e-01 1.000000000000000021e-03
2.832500000000000000e+03 3.347752693023740012e-01 1.000000000000000021e-03
2.832750000000000000e+03 3.908302632304863078e-01 1.000000000000000021e-03
2.833000000000000000e+03 4.613504488298700856e-01 1.000000000000000021e-03
2.833250000000000000e+03 5.530496305747251151e-01 1.000000000000000021e-03
2.833500000000000000e+03 6.637196695949049152e-01 1.000000000000000021e-03
2.833750000000000000e+03 7.909154242280074243e-01 1.000000000000000021e-03
2.834000000000000000e+03 9.071138936890051907e-01 1.000000000000000021e-03
2.834250000000000000e+03 9.862318036512688346e-01 1.000000000000000021e-03
2.834500000000000000e+03 1.025044731295377876e+00 1.000000000000000021e-03
2.834750000000000000e+03 1.033602580750327071e+00 1.000000000000000021e-03
2.835000000000000000e+03 1.053662073431025581e+00 1.000000000000000021e-03
2.835250000000000000e+03 1.115288725451678342e+00 1.000000000000000021e-03
2.835500000000000000e+03 1.225355331355481470e+00 1.000000000000000021e-03
2.835750000000000000e+03 1.365878878152632092e+00 1.000000000000000021e-03
2.836000000000000000e+03 1.488273514286945431e+00 1.000000000000000021e-03
2.836250000000000000e+03 1.528424485765515817e+00 1.000000000000000021e-03
2.836500000000000000e+03 1.459359108996361787e+00 1.000000000000000021e-03
2.836750000000000000e+03 1.305427398975691711e+00 1.000000000000000021e-03
2.837000000000000000e+03 1.124688312046510319e+00 1.000000000000000021e-03
2.837250000000000000e+03 9.660378673674070438e-01 1.000000000000000021e-03
2.837500000000000000e+03 8.506203226165650610e-01 1.000000000000000021e-03
2.837750000000000000e+03 7.792504939760518390e-01 1.000000000000000021e-03
2.838000000000000000e+03 7.486166566880705364e-01 1.000000000000000021e-03
2.838250000000000000e+03 7.544056300301174023e-01 1.000000000000000021e-03
2.838500000000000000e+03 7.948030847505339613e-01 1.000000000000000021e-03
2.838750000000000000e+03 8.488497357702537993e-01 1.000000000000000021e-03
2.839000000000000000e+03 8.970377563040488056e-01 1.000000000000000021e-03
2.839250000000000000e+03 9.060744578569144281e-01 1.000000000000000021e-03
2.839500000000000000e+03 8.613520284651053904e-01 1.000000000000000021e-03
2.839750000000000000e+03 7.708817387661803799e-01 1.000000000000000021e-03
2.840000000000000000e+03 6.664666651279549381e-01 1.000000000000000021e-03
2.840250000000000000e+03 5.690104030674977276e-01 1.000000000000000021e-03
2.840500000000000000e+03 4.924376467734751239e-01 1.000000000000000021e-03
2.840750000000000000e+03 4.334542129831978619e-01 1.000000000000000021e-03
2.841000000000000000e+03 3.873494772095943950e-01 1.000000000000000021e-03
2.841250000000000000e+03 3.564241082367914926e-01 1.000000000000000021e-03
2.841500000000000000e+03 3.271224706706690744e-01 1.000000000000000021e-03
2.841750000000000000e+03 3.090301390363930922e-01 1.000000000000000021e-03
2.842000000000000000e+03 2.942547628559656347e-01 1.000000000000000021e-03
2.842250000000000000e+03 2.820260139163005553e-01 1.000000000000000021e-03
2.842500000000000000e+03 2.722331560948787477e-01 1.000000000000000021e-03
2.842750000000000000e+03 2.640468058870718560e-01 1.000000000000000021e-03
2.843000000000000000e+03 2.596290573089834464e-01 1.000000000000000021e-03
2.843250000000000000e+03 2.526751774956775831e-01 1.000000000000000021e-03
2.843500000000000000e+03 2.503824126714456200e-01 1.000000000000000021e-03
2.843750000000000000e+03 2.470740221096311695e-01 1.000000000000000021e-03
2.844000000000000000e+03 2.455462694852603711e-01 1.000000000000000021e-03
2.844250000000000000e+03 2.421935716114606008e-01 1.000000000000000021e-03
2.844500000000000000e+03 2.409480746809989360e-01 1.000000000000000021e-03
2.844750000000000000e+03 2.418613637263416216e-01 1.000000000000000021e-03
