-2.500000000000000000e+03 2.423292086074529256e-02 2.682785173055819011e-02
-2.400000000000000000e+03 -4.874196781235468588e-03 2.682785173055819011e-02
-2.300000000000000000e+03 1.351816187518665308e-02 2.682785173055819011e-02
-2.200000000000000000e+03 1.007676653782597388e-02 2.682785173055819011e-02
-2.100000000000000000e+03 -2.775379350239743845e-02 2.682785173055819011e-02
-2.000000000000000000e+03 -3.525850182320871412e-02 2.682785173055819011e-02
-1.900000000000000000e+03 3.334022630573585388e-02 2.682785173055819011e-02
-1.800000000000000000e+03 -1.120138581379226568e-03 2.682785173055819011e-02
-1.700000000000000000e+03 -1.631989106640180723e-02 2.682785173055819011e-02
-1.600000000000000000e+03 2.014740898471048189e-02 2.682785173055819011e-02
-1.500000000000000000e+03 -2.913894562910072580e-02 2.682785173055819011e-02
-1.400000000000000000e+03 8.294908893091101215e-03 2.682785173055819011e-02
-1.300000000000000000e+03 -1.060305298803641480e-02 2.682785173055819011e-02
-1.200000000000000000e+03 4.410675993644765612e-03 2.682785173055819011e-02
-1.100000000000000000e+03 2.854537115902388081e-02 2.682785173055819011e-02
-1.000000000000000000e+03 -1.306703764652707676e-03 2.682785173055819011e-02
-9.000000000000000000e+02 2.085913772577999495e-02 2.682785173055819011e-02
-8.000000000000000000e+02 -1.946825385715683296e-02 2.682785173055819011e-02
-7.000000000000000000e+02 3.998439068073005899e-03 2.682785173055819011e-02
-6.000000000000000000e+02 -2.643028127296739166e-02 2.682785173055819011e-02
-5.000000000000000000e+02 2.388088889917366810e-03 2.682785173055819011e-02
-4.500000000000000000e+02 2.729202615340773838e-02 2.682785173055819011e-02
-4.000000000000000000e+02 4.647441159500039637e-02 2.682785173055819011e-02
-3.500000000000000000e+02 1.732661573442492373e-02 2.682785173055819011e-02
-3.000000000000000000e+02 -1.289556887952090711e-02 2.682785173055819011e-02
-2.500000000000000000e+02 -4.240584133449770698e-02 2.682785173055819011e-02
-2.000000000000000000e+02 -1.443656965027635339e-02 2.682785173055819011e-02
-1.500000000000000000e+02 4.795418151223944381e-02 2.682785173055819011e-02
-1.000000000000000000e+02 1.011589456297408013e-01 2.682785173055819011e-02
-5.000000000000000000e+01 3.539496987404382455e-01 2.682785173055819011e-02
0.000000000000000000e+00 5.250561944110054835e-01 2.682785173055819011e-02
5.000000000000000000e+01 5.944891760094540567e-01 2.682785173055819011e-02
1.000000000000000000e+02 4.941305350052890843e-01 2.682785173055819011e-02
1.500000000000000000e+02 5.244517167734421559e-01 2.682785173055819011e-02
2.000000000000000000e+02 4.961561854780112690e-01 2.682785173055819011e-02
2.500000000000000000e+02 4.198951729988130155e-01 2.682785173055819011e-02
3.000000000000000000e+02 4.745004981996604476e-01 2.682785173055819011e-02
3.500000000000000000e+02 4.481389245619307182e-01 2.682785173055819011e-02
4.000000000000000000e+02 4.379638236709484933e-01 2.682785173055819011e-02
4.500000000000000000e+02 3.896056626522981792e-01 2.682785173055819011e-02
5.000000000000000000e+02 4.302448172863499454e-01 2.682785173055819011e-02
5.500000000000000000e+02 3.705515509483968128e-01 2.682785173055819011e-02
6.000000000000000000e+02 4.507794344495519301e-01 2.682785173055819011e-02
6.500000000000000000e+02 3.406042978006622590e-01 2.682785173055819011e-02
7.000000000000000000e+02 3.606159707970424955e-01 2.682785173055819011e-02
7.500000000000000000e+02 3.472992664957727516e-01 2.682785173055819011e-02
8.000000000000000000e+02 3.232210783185787140e-01 2.682785173055819011e-02
8.500000000000000000e+02 3.396483034275706858e-01 2.682785173055819011e-02
9.000000000000000000e+02 3.230497535293160860e-01 2.682785173055819011e-02
9.500000000000000000e+02 2.768979915432104311e-01 2.682785173055819011e-02
1.000000000000000000e+03 3.152105634517375909e-01 2.682785173055819011e-02
1.050000000000000000e+03 3.385772082655819082e-01 2.682785173055819011e-02
1.100000000000000000e+03 3.472043042382867983e-01 2.682785173055819011e-02
1.150000000000000000e+03 2.624701320443442176e-01 2.682785173055819011e-02
1.200000000000000000e+03 3.219315394479365655e-01 2.682785173055819011e-02
1.250000000000000000e+03 2.939281751960717282e-01 2.682785173055819011e-02
1.300000000000000000e+03 2.986837286186178053e-01 2.682785173055819011e-02
1.350000000000000000e+03 2.888870947415719259e-01 2.682785173055819011e-02
1.400000000000000000e+03 2.977914102011643416e-01 2.682785173055819011e-02
1.450000000000000000e+03 2.804703557139683889e-01 2.682785173055819011e-02
1.500000000000000000e+03 3.330317347132635275e-01 2.682785173055819011e-02
1.750000000000000000e+03 3.133202603399193320e-01 2.682785173055819011e-02
2.000000000000000000e+03 2.856016594469161229e-01 2.682785173055819011e-02
2.250000000000000000e+03 2.411227891441270754e-01 2.682785173055819011e-02
2.500000000000000000e+03 2.434373833630920914e-01 2.682785173055819011e-02
2.750000000000000000e+03 2.747431936007083131e-01 2.682785173055819011e-02
3.000000000000000000e+03 2.280725364391757437e-01 2.682785173055819011e-02
3.250000000000000000e+03 2.291353550156126628e-01 2.682785173055819011e-02
3.500000000000000000e+03 2.724424604696019658e-01 2.682785173055819011e-02
3.750000000000000000e+03 2.535602485878902246e-01 2.682785173055819011e-02
4.000000000000000000e+03 1.985295662465270672e-01 2.682785173055819011e-02
4.250000000000000000e+03 2.622782842494143507e-01 2.682785173055819011e-02
4.500000000000000000e+03 2.060973155234168686e-01 2.682785173055819011e-02
4.750000000000000000e+03 1.837658097290463255e-01 2.682785173055819011e-02
5.000000000000000000e+03 2.358398088468131593e-01 2.682785173055819011e-02
7.500000000000000000e+03 1.404423741074685983e-01 2.682785173055819011e-02
1.000000000000000000e+04 1.265283064650759293e-01 2.682785173055819011e-02
1.250000000000000000e+04 8.110495930374030105e-02 2.682785173055819011e-02
1.500000000000000000e+04 1.178526044388007732e-01 2.682785173055819011e-02
1.750000000000000000e+04 -3.067892205698977831e-02 2.682785173055819011e-02
2.000000000000000000e+04 2.439786921086009933e-02 2.682785173055819011e-02
2.250000000000000000e+04 4.970765520593543180e-02 2.682785173055819011e-02
2.500000000000000000e+04 -1.186206412311062441e-03 2.682785173055819011e-02
2.750000000000000000e+04 1.392604975307410939e-02 2.682785173055819011e-02
3.000000000000000000e+04 8.245295883741838097e-03 2.682785173055819011e-02
3.250000000000000000e+04 5.467878891926383073e-02 2.682785173055819011e-02
3.500000000000000000e+04 -2.147437279847882324e-02 2.682785173055819011e-02
3.750000000000000000e+04 -4.088080666093207513e-03 2.682785173055819011e-02
4.000000000000000000e+04 1.132698279443478465e-02 2.682785173055819011e-02
4.250000000000000000e+04 1.332427786312252380e-02 2.682785173055819011e-02
4.500000000000000000e+04 -8.894513328957858941e-03 2.682785173055819011e-02
4.750000000000000000e+04 1.322167130217178840e-02 2.682785173055819011e-02
