-2.500000000000000000e+03 -2.231607435590911466e-03 4.986711379652891685e-02
-2.400000000000000000e+03 1.082976337798837591e-02 4.986711379652891685e-02
-2.300000000000000000e+03 -1.088205711993453229e-01 4.986711379652891685e-02
-2.200000000000000000e+03 6.059294137742850944e-02 4.986711379652891685e-02
-2.100000000000000000e+03 -1.924875967998315382e-02 4.986711379652891685e-02
-2.000000000000000000e+03 -1.294136047186997783e-02 4.986711379652891685e-02
-1.900000000000000000e+03 -2.550394023659362241e-02 4.986711379652891685e-02
-1.800000000000000000e+03 1.446757129106855493e-02 4.986711379652891685e-02
-1.700000000000000000e+03 -3.642352151274298039e-02 4.986711379652891685e-02
-1.600000000000000000e+03 2.357789108073946732e-02 4.986711379652891685e-02
-1.500000000000000000e+03 -2.041128447010478672e-02 4.986711379652891685e-02
-1.400000000000000000e+03 -4.268029070932472142e-03 4.986711379652891685e-02
-1.300000000000000000e+03 -3.587201345665423646e-02 4.986711379652891685e-02
-1.200000000000000000e+03 -3.688930405154800668e-02 4.986711379652891685e-02
-1.100000000000000000e+03 1.528303578822091079e-02 4.986711379652891685e-02
-1.000000000000000000e+03 2.077921692791221547e-02 4.986711379652891685e-02
-9.000000000000000000e+02 1.776998992059124552e-02 4.986711379652891685e-02
-8.000000000000000000e+02 -5.644699972506447144e-02 4.986711379652891685e-02
-7.000000000000000000e+02 -7.961608765674228760e-02 4.986711379652891685e-02
-6.000000000000000000e+02 -7.976672398038948952e-02 4.986711379652891685e-02
-5.000000000000000000e+02 -3.724195150251610048e-02 4.986711379652891685e-02
-4.500000000000000000e+02 5.736928561265597359e-02 4.986711379652891685e-02
-4.000000000000000000e+02 9.900900644526082484e-03 4.986711379652891685e-02
-3.500000000000000000e+02 -5.511869040759227560e-03 4.986711379652891685e-02
-3.000000000000000000e+02 4.500960768173535576e-02 4.986711379652891685e-02
-2.500000000000000000e+02 2.814393866998317686e-02 4.986711379652891685e-02
-2.000000000000000000e+02 -3.583104433634522884e-02 4.986711379652891685e-02
-1.500000000000000000e+02 8.603641158130634348e-02 4.986711379652891685e-02
-1.000000000000000000e+02 2.087433509458801739e-01 4.986711379652891685e-02
-5.000000000000000000e+01 6.896544287798320738e-01 4.986711379652891685e-02
0.000000000000000000e+00 9.482003166894801272e-01 4.986711379652891685e-02
5.000000000000000000e+01 9.343034479842750040e-01 4.986711379652891685e-02
1.000000000000000000e+02 1.002621988546083420e+00 4.986711379652891685e-02
1.500000000000000000e+02 9.825686318944621966e-01 4.986711379652891685e-02
2.000000000000000000e+02 1.021153635535215543e+00 4.986711379652891685e-02
2.500000000000000000e+02 9.327380013257593472e-01 4.986711379652891685e-02
3.000000000000000000e+02 9.957592153918569666e-01 4.986711379652891685e-02
3.500000000000000000e+02 9.959777221180682316e-01 4.986711379652891685e-02
4.000000000000000000e+02 9.706856454347583263e-01 4.986711379652891685e-02
4.500000000000000000e+02 9.327882764572469343e-01 4.986711379652891685e-02
5.000000000000000000e+02 1.085336170780412557e+00 4.986711379652891685e-02
5.500000000000000000e+02 9.040987686779704546e-01 4.986711379652891685e-02
6.000000000000000000e+02 1.022279554609968777e+00 4.986711379652891685e-02
6.500000000000000000e+02 9.519168900501624453e-01 4.986711379652891685e-02
7.000000000000000000e+02 8.648677968413359674e-01 4.986711379652891685e-02
7.500000000000000000e+02 9.242655781922782809e-01 4.986711379652891685e-02
8.000000000000000000e+02 1.041149083792829000e+00 4.986711379652891685e-02
8.500000000000000000e+02 9.015149359033139964e-01 4.986711379652891685e-02
9.000000000000000000e+02 9.093868090539123372e-01 4.986711379652891685e-02
9.500000000000000000e+02 9.763139371547703282e-01 4.986711379652891685e-02
1.000000000000000000e+03 9.681918617576310560e-01 4.986711379652891685e-02
1.050000000000000000e+03 9.198507923650101059e-01 4.986711379652891685e-02
1.100000000000000000e+03 9.019265498913017209e-01 4.986711379652891685e-02
1.150000000000000000e+03 9.071638399012121878e-01 4.986711379652891685e-02
1.200000000000000000e+03 9.220635631426110645e-01 4.986711379652891685e-02
1.250000000000000000e+03 9.722505797980653952e-01 4.986711379652891685e-02
1.300000000000000000e+03 9.336885273788072537e-01 4.986711379652891685e-02
1.350000000000000000e+03 9.281782127807246541e-01 4.986711379652891685e-02
1.400000000000000000e+03 9.168893247254541468e-01 4.986711379652891685e-02
1.450000000000000000e+03 8.844870142008678382e-01 4.986711379652891685e-02
1.500000000000000000e+03 8.218697184355737706e-01 4.986711379652891685e-02
1.750000000000000000e+03 8.805310649727391414e-01 4.986711379652891685e-02
2.000000000000000000e+03 8.304416956771518699e-01 4.986711379652891685e-02
2.250000000000000000e+03 8.188266721433313799e-01 4.986711379652891685e-02
2.500000000000000000e+03 8.340587171372039199e-01 4.986711379652891685e-02
2.750000000000000000e+03 7.620811317172363486e-01 4.986711379652891685e-02
3.000000000000000000e+03 8.056600873316921430e-01 4.986711379652891685e-02
3.250000000000000000e+03 7.163886668756491716e-01 4.986711379652891685e-02
3.500000000000000000e+03 7.521427220939460589e-01 4.986711379652891685e-02
3.750000000000000000e+03 8.156387414679756587e-01 4.986711379652891685e-02
4.000000000000000000e+03 6.768665083884835010e-01 4.986711379652891685e-02
4.250000000000000000e+03 6.807991877123886759e-01 4.986711379652891685e-02
4.500000000000000000e+03 7.293833608928170786e-01 4.986711379652891685e-02
4.750000000000000000e+03 6.949389173833711020e-01 4.986711379652891685e-02
5.000000000000000000e+03 6.920119589595106202e-01 4.986711379652891685e-02
7.500000000000000000e+03 5.131027279509303707e-01 4.986711379652891685e-02
1.000000000000000000e+04 3.169447295027077449e-01 4.986711379652891685e-02
1.250000000000000000e+04 2.908306058136145289e-01 4.986711379652891685e-02
1.500000000000000000e+04 2.446871573882098139e-01 4.986711379652891685e-02
1.750000000000000000e+04 2.129639711764726995e-01 4.986711379652891685e-02
2.000000000000000000e+04 8.810117962297171756e-02 4.986711379652891685e-02
2.250000000000000000e+04 1.141116578088238048e-01 4.986711379652891685e-02
2.500000000000000000e+04 4.569045511689788508e-02 4.986711379652891685e-02
2.750000000000000000e+04 -4.950336221458823127e-03 4.986711379652891685e-02
3.000000000000000000e+04 7.283499892615322158e-02 4.986711379652891685e-02
3.250000000000000000e+04 1.575977723232586392e-01 4.986711379652891685e-02
3.500000000000000000e+04 -1.607414604863083990e-02 4.986711379652891685e-02
3.750000000000000000e+04 -1.592039252191020104e-02 4.986711379652891685e-02
4.000000000000000000e+04 6.815244793061106532e-02 4.986711379652891685e-02
4.250000000000000000e+04 9.831659477377029804e-03 4.986711379652891685e-02
4.500000000000000000e+04 3.699608229967110695e-02 4.986711379652891685e-02
4.750000000000000000e+04 6.692805853013274187e-02 4.986711379652891685e-02
