-2.500000000000000000e+03 4.753110595407555178e-02 3.581750325569162813e-02
-2.400000000000000000e+03 -8.925829437080146089e-02 3.581750325569162813e-02
-2.300000000000000000e+03 -1.356052664816768949e-02 3.581750325569162813e-02
-2.200000000000000000e+03 -5.220890184927851410e-03 3.581750325569162813e-02
-2.100000000000000000e+03 1.157078123383775865e-02 3.581750325569162813e-02
-2.000000000000000000e+03 -1.943438570089451797e-02 3.581750325569162813e-02
-1.900000000000000000e+03 8.178807811853525123e-03 3.581750325569162813e-02
-1.800000000000000000e+03 -4.865741258808950476e-02 3.581750325569162813e-02
-1.700000000000000000e+03 -1.323945683648339831e-02 3.581750325569162813e-02
-1.600000000000000000e+03 1.418828423098212124e-02 3.581750325569162813e-02
-1.500000000000000000e+03 -4.157346488653983901e-02 3.581750325569162813e-02
-1.400000000000000000e+03 -4.957731057381367656e-02 3.581750325569162813e-02
-1.300000000000000000e+03 -6.927533992221278705e-03 3.581750325569162813e-02
-1.200000000000000000e+03 -1.234505545743793190e-02 3.581750325569162813e-02
-1.100000000000000000e+03 1.351573916062675206e-02 3.581750325569162813e-02
-1.000000000000000000e+03 -2.153247491577175640e-02 3.581750325569162813e-02
-9.000000000000000000e+02 -8.811509698853808512e-03 3.581750325569162813e-02
-8.000000000000000000e+02 1.747408602501282493e-02 3.581750325569162813e-02
-7.000000000000000000e+02 -2.878288307765934292e-02 3.581750325569162813e-02
-6.000000000000000000e+02 1.574890415616335415e-02 3.581750325569162813e-02
-5.000000000000000000e+02 4.593074500316042530e-02 3.581750325569162813e-02
-4.500000000000000000e+02 -4.939752364924426820e-02 3.581750325569162813e-02
-4.000000000000000000e+02 6.678858909924983989e-02 3.581750325569162813e-02
-3.500000000000000000e+02 -3.534570945047142004e-02 3.581750325569162813e-02
-3.000000000000000000e+02 1.497875596763534149e-02 3.581750325569162813e-02
-2.500000000000000000e+02 -2.653739208258907439e-02 3.581750325569162813e-02
-2.000000000000000000e+02 3.761370405677474937e-02 3.581750325569162813e-02
-1.500000000000000000e+02 1.109105780472271000e-02 3.581750325569162813e-02
-1.000000000000000000e+02 -1.709829343519867623e-02 3.581750325569162813e-02
-5.000000000000000000e+01 3.539408129006748477e-02 3.581750325569162813e-02
0.000000000000000000e+00 -8.065504611879717456e-02 3.581750325569162813e-02
5.000000000000000000e+01 -2.870878443783393338e-02 3.581750325569162813e-02
1.000000000000000000e+02 8.943376406132214074e-02 3.581750325569162813e-02
1.500000000000000000e+02 2.829889328288992534e-01 3.581750325569162813e-02
2.000000000000000000e+02 4.393275547029468764e-01 3.581750325569162813e-02
2.500000000000000000e+02 5.268146516250992173e-01 3.581750325569162813e-02
3.000000000000000000e+02 5.626631588200001755e-01 3.581750325569162813e-02
3.500000000000000000e+02 6.115069522399346758e-01 3.581750325569162813e-02
4.000000000000000000e+02 5.726443570643341419e-01 3.581750325569162813e-02
4.500000000000000000e+02 5.644673717626031983e-01 3.581750325569162813e-02
5.000000000000000000e+02 6.630629297236840802e-01 3.581750325569162813e-02
5.500000000000000000e+02 6.157527002491298695e-01 3.581750325569162813e-02
6.000000000000000000e+02 7.104838685396202003e-01 3.581750325569162813e-02
6.500000000000000000e+02 7.084969592605517841e-01 3.581750325569162813e-02
7.000000000000000000e+02 6.845234170154177455e-01 3.581750325569162813e-02
7.500000000000000000e+02 6.831847529356193105e-01 3.581750325569162813e-02
8.000000000000000000e+02 7.044945269092477425e-01 3.581750325569162813e-02
8.500000000000000000e+02 6.630204733878962697e-01 3.581750325569162813e-02
9.000000000000000000e+02 7.661646193903989266e-01 3.581750325569162813e-02
9.500000000000000000e+02 7.481445772866029964e-01 3.581750325569162813e-02
1.000000000000000000e+03 6.591635330774482382e-01 3.581750325569162813e-02
1.050000000000000000e+03 6.802151511348819568e-01 3.581750325569162813e-02
1.100000000000000000e+03 7.120689862735385400e-01 3.581750325569162813e-02
1.150000000000000000e+03 7.541448303898812267e-01 3.581750325569162813e-02
1.200000000000000000e+03 7.519458705193821091e-01 3.581750325569162813e-02
1.250000000000000000e+03 6.468832520921401485e-01 3.581750325569162813e-02
1.300000000000000000e+03 7.559962558007230493e-01 3.581750325569162813e-02
1.350000000000000000e+03 7.178994507179670137e-01 3.581750325569162813e-02
1.400000000000000000e+03 6.627460845514503429e-01 3.581750325569162813e-02
1.450000000000000000e+03 7.494349688741968052e-01 3.581750325569162813e-02
1.500000000000000000e+03 6.595066468577877039e-01 3.581750325569162813e-02
1.750000000000000000e+03 6.377132829238948419e-01 3.581750325569162813e-02
2.000000000000000000e+03 6.442258973831641589e-01 3.581750325569162813e-02
2.250000000000000000e+03 6.673207825382300173e-01 3.581750325569162813e-02
2.500000000000000000e+03 6.354881181020797243e-01 3.581750325569162813e-02
2.750000000000000000e+03 5.877646734133374906e-01 3.581750325569162813e-02
3.000000000000000000e+03 6.565335222607195931e-01 3.581750325569162813e-02
3.250000000000000000e+03 6.485879715454389016e-01 3.581750325569162813e-02
3.500000000000000000e+03 6.192460526538884347e-01 3.581750325569162813e-02
3.750000000000000000e+03 6.026891701376828614e-01 3.581750325569162813e-02
4.000000000000000000e+03 5.928364946852440198e-01 3.581750325569162813e-02
4.250000000000000000e+03 5.356557977797247183e-01 3.581750325569162813e-02
4.500000000000000000e+03 5.109431763700652551e-01 3.581750325569162813e-02
4.750000000000000000e+03 5.110965147058432745e-01 3.581750325569162813e-02
5.000000000000000000e+03 5.719052384958281943e-01 3.581750325569162813e-02
7.500000000000000000e+03 4.257078009915917227e-01 3.581750325569162813e-02
1.000000000000000000e+04 2.642942348844606881e-01 3.581750325569162813e-02
1.250000000000000000e+04 1.641781654149654934e-01 3.581750325569162813e-02
1.500000000000000000e+04 2.042335629456482893e-01 3.581750325569162813e-02
1.750000000000000000e+04 1.691698057131738875e-01 3.581750325569162813e-02
2.000000000000000000e+04 1.566435906821786739e-01 3.581750325569162813e-02
2.250000000000000000e+04 1.189612645908349475e-01 3.581750325569162813e-02
2.500000000000000000e+04 1.225746082793512104e-01 3.581750325569162813e-02
2.750000000000000000e+04 5.603148618236931944e-02 3.581750325569162813e-02
3.000000000000000000e+04 4.259663412615417172e-02 3.581750325569162813e-02
3.250000000000000000e+04 6.031999274395331845e-02 3.581750325569162813e-02
3.500000000000000000e+04 -1.570385628064584552e-02 3.581750325569162813e-02
3.750000000000000000e+04 2.204840463255734045e-02 3.581750325569162813e-02
4.000000000000000000e+04 2.524777332229623250e-02 3.581750325569162813e-02
4.250000000000000000e+04 2.006629247369370872e-02 3.581750325569162813e-02
4.500000000000000000e+04 2.355982930966233485e-02 3.581750325569162813e-02
4.750000000000000000e+04 -3.588286469771131970e-02 3.581750325569162813e-02
