-2.500000000000000000e+03 1.299395876845973498e-02 2.908414819534630921e-02
-2.400000000000000000e+03 -2.749659197289821763e-02 2.908414819534630921e-02
-2.300000000000000000e+03 -3.376700136109830191e-02 2.908414819534630921e-02
-2.200000000000000000e+03 2.118366669610136782e-02 2.908414819534630921e-02
-2.100000000000000000e+03 -2.615575787140493255e-02 2.908414819534630921e-02
-2.000000000000000000e+03 2.099387311960398267e-02 2.908414819534630921e-02
-1.900000000000000000e+03 -3.079293277934560744e-02 2.908414819534630921e-02
-1.800000000000000000e+03 -5.076300637017578180e-03 2.908414819534630921e-02
-1.700000000000000000e+03 2.500032610327360127e-02 2.908414819534630921e-02
-1.600000000000000000e+03 1.049588735106315833e-02 2.908414819534630921e-02
-1.500000000000000000e+03 2.620439548656875242e-02 2.908414819534630921e-02
-1.400000000000000000e+03 -3.626648390813099875e-03 2.908414819534630921e-02
-1.300000000000000000e+03 2.878793821186070509e-02 2.908414819534630921e-02
-1.200000000000000000e+03 3.857992722760412302e-02 2.908414819534630921e-02
-1.100000000000000000e+03 -4.366172032261512776e-05 2.908414819534630921e-02
-1.000000000000000000e+03 -2.168911371489886178e-02 2.908414819534630921e-02
-9.000000000000000000e+02 -1.961465313514843337e-02 2.908414819534630921e-02
-8.000000000000000000e+02 -3.309658197224757837e-03 2.908414819534630921e-02
-7.000000000000000000e+02 -4.096113386731354417e-02 2.908414819534630921e-02
-6.000000000000000000e+02 1.561219469083293711e-02 2.908414819534630921e-02
-5.000000000000000000e+02 -3.210893390181009718e-03 2.908414819534630921e-02
-4.500000000000000000e+02 1.782185020793161309e-02 2.908414819534630921e-02
-4.000000000000000000e+02 -1.255110735067085752e-02 2.908414819534630921e-02
-3.500000000000000000e+02 -3.176677718670524453e-02 2.908414819534630921e-02
-3.000000000000000000e+02 -1.258820440078027743e-02 2.908414819534630921e-02
-2.500000000000000000e+02 -1.134956445272933268e-02 2.908414819534630921e-02
-2.000000000000000000e+02 1.559744661957274126e-02 2.908414819534630921e-02
-1.500000000000000000e+02 -1.653579814991421038e-01 2.908414819534630921e-02
-1.000000000000000000e+02 -2.865743001934337730e-01 2.908414819534630921e-02
-5.000000000000000000e+01 -2.790242461903509885e-01 2.908414819534630921e-02
0.000000000000000000e+00 -2.432409126310879632e-01 2.908414819534630921e-02
5.000000000000000000e+01 -1.359583108673308449e-01 2.908414819534630921e-02
1.000000000000000000e+02 -8.787765803630920303e-02 2.908414819534630921e-02
1.500000000000000000e+02 5.010280874811687268e-05 2.908414819534630921e-02
2.000000000000000000e+02 7.630513640453803759e-02 2.908414819534630921e-02
2.500000000000000000e+02 1.399621668121251161e-01 2.908414819534630921e-02
3.000000000000000000e+02 1.784021951812169438e-01 2.908414819534630921e-02
3.500000000000000000e+02 1.827151938251277974e-01 2.908414819534630921e-02
4.000000000000000000e+02 2.930040974455785929e-01 2.908414819534630921e-02
4.500000000000000000e+02 3.143142938286198618e-01 2.908414819534630921e-02
5.000000000000000000e+02 3.207439839679213089e-01 2.908414819534630921e-02
5.500000000000000000e+02 3.870925079084965859e-01 2.908414819534630921e-02
6.000000000000000000e+02 4.058127012772105302e-01 2.908414819534630921e-02
6.500000000000000000e+02 4.041248167367276212e-01 2.908414819534630921e-02
7.000000000000000000e+02 4.723481026454376952e-01 2.908414819534630921e-02
7.500000000000000000e+02 4.313473523854339797e-01 2.908414819534630921e-02
8.000000000000000000e+02 5.052805570562706183e-01 2.908414819534630921e-02
8.500000000000000000e+02 5.258118513940924776e-01 2.908414819534630921e-02
9.000000000000000000e+02 5.129469128420136581e-01 2.908414819534630921e-02
9.500000000000000000e+02 5.089099016289293509e-01 2.908414819534630921e-02
1.000000000000000000e+03 5.770757811013590421e-01 2.908414819534630921e-02
1.050000000000000000e+03 5.135191083720965777e-01 2.908414819534630921e-02
1.100000000000000000e+03 5.432117100175475333e-01 2.908414819534630921e-02
1.150000000000000000e+03 5.450185989229900940e-01 2.908414819534630921e-02
1.200000000000000000e+03 5.790780782019366857e-01 2.908414819534630921e-02
1.250000000000000000e+03 5.731651334874725556e-01 2.908414819534630921e-02
1.300000000000000000e+03 5.907286391911991119e-01 2.908414819534630921e-02
1.350000000000000000e+03 6.185463196261303809e-01 2.908414819534630921e-02
1.400000000000000000e+03 6.192017530624154276e-01 2.908414819534630921e-02
1.450000000000000000e+03 5.972945126192273912e-01 2.908414819534630921e-02
1.500000000000000000e+03 5.599891499584569443e-01 2.908414819534630921e-02
1.750000000000000000e+03 6.120593165123197066e-01 2.908414819534630921e-02
2.000000000000000000e+03 6.057315364909358069e-01 2.908414819534630921e-02
2.250000000000000000e+03 5.507457037483161066e-01 2.908414819534630921e-02
2.500000000000000000e+03 5.548456136955449702e-01 2.908414819534630921e-02
2.750000000000000000e+03 5.627055969448186978e-01 2.908414819534630921e-02
3.000000000000000000e+03 5.145596084688330851e-01 2.908414819534630921e-02
3.250000000000000000e+03 5.271617082012362010e-01 2.908414819534630921e-02
3.500000000000000000e+03 5.507680499815524877e-01 2.908414819534630921e-02
3.750000000000000000e+03 5.021948691372883911e-01 2.908414819534630921e-02
4.000000000000000000e+03 4.940327998484825289e-01 2.908414819534630921e-02
4.250000000000000000e+03 5.207173842326008328e-01 2.908414819534630921e-02
4.500000000000000000e+03 4.419540885398131058e-01 2.908414819534630921e-02
4.750000000000000000e+03 4.707607021797832747e-01 2.908414819534630921e-02
5.000000000000000000e+03 4.262375075018547954e-01 2.908414819534630921e-02
7.500000000000000000e+03 3.665221367390225082e-01 2.908414819534630921e-02
1.000000000000000000e+04 2.332321048439772171e-01 2.908414819534630921e-02
1.250000000000000000e+04 2.026573537227069066e-01 2.908414819534630921e-02
1.500000000000000000e+04 2.054476157968663508e-01 2.908414819534630921e-02
1.750000000000000000e+04 1.586537437075706547e-01 2.908414819534630921e-02
2.000000000000000000e+04 9.613329916659760221e-02 2.908414819534630921e-02
2.250000000000000000e+04 6.412301488603845689e-02 2.908414819534630921e-02
2.500000000000000000e+04 3.152952908298210788e-02 2.908414819534630921e-02
2.750000000000000000e+04 -2.214631560956239337e-02 2.908414819534630921e-02
3.000000000000000000e+04 -9.840314622095003294e-03 2.908414819534630921e-02
3.250000000000000000e+04 3.435880158285053998e-03 2.908414819534630921e-02
3.500000000000000000e+04 2.071188010516852168e-02 2.908414819534630921e-02
3.750000000000000000e+04 6.749419268647377512e-02 2.908414819534630921e-02
4.000000000000000000e+04 5.517532622427694794e-03 2.908414819534630921e-02
4.250000000000000000e+04 -1.011746954660440283e-02 2.908414819534630921e-02
4.500000000000000000e+04 1.471805107894545370e-03 2.908414819534630921e-02
4.750000000000000000e+04 -7.584035205707240559e-04 2.908414819534630921e-02
