-2.500000000000000000e+03 0.000000000000000000e+00 0.000000000000000000e+00 0.000000000000000000e+00 0.000000000000000000e+00
-2.400000000000000000e+03 0.000000000000000000e+00 0.000000000000000000e+00 0.000000000000000000e+00 0.000000000000000000e+00
-2.300000000000000000e+03 0.000000000000000000e+00 0.000000000000000000e+00 0.000000000000000000e+00 0.000000000000000000e+00
-2.200000000000000000e+03 0.000000000000000000e+00 0.000000000000000000e+00 0.000000000000000000e+00 0.000000000000000000e+00
-2.100000000000000000e+03 0.000000000000000000e+00 0.000000000000000000e+00 0.000000000000000000e+00 0.000000000000000000e+00
-2.000000000000000000e+03 0.000000000000000000e+00 0.000000000000000000e+00 0.000000000000000000e+00 0.000000000000000000e+00
-1.900000000000000000e+03 0.000000000000000000e+00 0.000000000000000000e+00 0.000000000000000000e+00 0.000000000000000000e+00
-1.800000000000000000e+03 -1.138450203933443981e-307 2.375594705382723896e-304 0.000000000000000000e+00 3.708557343245759396e-305
-1.700000000000000000e+03 -1.910175940187312495e-271 2.491520610910317942e-268 1.505267361957605703e-294 4.558154865179247046e-269
-1.600000000000000000e+03 -1.656490481331928354e-237 1.350740178544155512e-234 4.075320667774360044e-259 2.895818493372155059e-235
-1.500000000000000000e+03 -7.428833756304221435e-206 3.787629044815714767e-203 5.703942568050476102e-226 9.515268565492622935e-204
-1.400000000000000000e+03 -1.724202291879093180e-176 5.497795331666648665e-174 4.129887220308315616e-195 1.618342323995416233e-174
-1.300000000000000000e+03 -2.072961380991129849e-149 4.134836230545377820e-147 1.548115206531889954e-166 1.426052941165800031e-147
-1.200000000000000000e+03 -1.292521525613403133e-124 1.613308567479977302e-122 3.007558029928741309e-140 6.518507251586295295e-123
-1.100000000000000000e+03 -4.185890921392455753e-102 3.270937995276036857e-100 3.032073408142201242e-116 1.548106503262391756e-100
-1.000000000000000000e+03 -7.055377255530252762e-82 3.453582883360675034e-80 1.589013581476429982e-94 1.914347891923909606e-80
-9.000000000000000000e+02 -6.206406590706221633e-64 1.904672631347408912e-62 4.338956961109329111e-75 1.236198056119430625e-62
-8.000000000000000000e+02 -2.860644174376188499e-48 5.510724424658250289e-47 6.193228496813044193e-58 4.186377297370226558e-47
-7.000000000000000000e+02 -6.949449275904484981e-35 8.419475574273816884e-34 4.642602519285865917e-43 7.482339466785506266e-34
-6.000000000000000000e+02 -8.981627088325532419e-24 6.865125343809949924e-23 1.840929706590567381e-30 7.130599219505967909e-23
-5.000000000000000000e+02 -6.275502637828286271e-15 3.043748038848747760e-14 3.907117570333245804e-20 3.688774664985033862e-14
-4.500000000000000000e+02 -2.362546681204659686e-11 9.163390959798324908e-11 8.055271514696276682e-16 1.198223285938413685e-10
-4.000000000000000000e+02 -2.444957958062634038e-08 7.617314127536800092e-08 4.533521416908450452e-12 1.073313362464988146e-07
-3.500000000000000000e+02 -7.025872487684411703e-06 1.771215918701169909e-05 7.008467359255435416e-09 2.683559493879551411e-05
-3.000000000000000000e+02 -5.700940488794363535e-04 1.178169044482294111e-03 3.005000046751229269e-06 1.912145979621977365e-03
-2.500000000000000000e+02 -1.346042864349421275e-02 2.338652903868553012e-02 3.631355435509089793e-04 4.036431526390960034e-02
-2.000000000000000000e+02 -9.804332839210851136e-02 1.510778653366242064e-01 1.272874084251328017e-02 2.731726952450744816e-01
-1.500000000000000000e+02 -2.485000123234352154e-01 3.818371201381126623e-01 1.369145893084237897e-01 7.016682255725389394e-01
-1.000000000000000000e+02 -2.768156512546461334e-01 5.290493355266739917e-01 5.090211747151119903e-01 9.438930362977477895e-01
-5.000000000000000000e+01 -1.844256008839632865e-01 5.863864818579229699e-01 8.374704864575446273e-01 9.854362641067491158e-01
0.000000000000000000e+00 -7.539421671565049721e-02 6.235488085026106297e-01 9.004287560908167398e-01 9.871001730628232718e-01
5.000000000000000000e+01 2.442274705557517800e-02 6.560394130144726610e-01 8.707138986966536098e-01 9.862679802463834022e-01
1.000000000000000000e+02 1.143797541167886345e-01 6.850058597848971420e-01 8.356682588443501425e-01 9.850391064480843450e-01
1.500000000000000000e+02 1.953850566127297017e-01 7.107934173187744342e-01 8.035067297295628297e-01 9.834813491715761469e-01
2.000000000000000000e+02 2.682870957414908997e-01 7.337048254471226771e-01 7.741581814998221844e-01 9.816280751926146353e-01
2.500000000000000000e+02 3.338542061945119488e-01 7.540141500032675470e-01 7.473591833953533436e-01 9.795093676970105800e-01
3.000000000000000000e+02 3.927820640708733491e-01 7.719695327831656018e-01 7.228697606553707855e-01 9.771524549233115975e-01
3.500000000000000000e+02 4.457005568477214741e-01 7.877956428335374239e-01 7.004726206756562989e-01 9.745819802949486910e-01
4.000000000000000000e+02 4.931800039446139206e-01 8.016958959210277458e-01 6.799710112824774999e-01 9.718202468722321186e-01
4.500000000000000000e+02 5.357367891143909322e-01 8.138544641435494498e-01 6.611867785993427171e-01 9.688874386903800762e-01
5.000000000000000000e+02 5.738384602741070095e-01 8.244380955265211419e-01 6.439586085466224574e-01 9.658018211691241639e-01
5.500000000000000000e+02 6.079083471311828024e-01 8.335977615705060240e-01 6.281404346126115978e-01 9.625799225727373898e-01
6.000000000000000000e+02 6.383297421987114140e-01 8.414701490179712362e-01 6.135999961745624010e-01 9.592366983122280200e-01
6.500000000000000000e+02 6.654496864828030045e-01 8.481790105687248005e-01 6.002175331347323617e-01 9.557856797120228842e-01
7.000000000000000000e+02 6.895823972214321085e-01 8.538363878808652441e-01 5.878846039824473513e-01 9.522391087100743334e-01
7.500000000000000000e+02 7.110123715199069272e-01 8.585437189330377139e-01 5.765030156118731153e-01 9.486080598214275961e-01
8.000000000000000000e+02 7.299971965279268282e-01 8.623928406819842962e-01 5.659838543286568324e-01 9.449025505695280991e-01
8.500000000000000000e+02 7.467700939056094445e-01 8.654668969155472347e-01 5.562466084777208941e-01 9.411316414756819571e-01
9.000000000000000000e+02 7.615422237022799745e-01 8.678411602651733281e-01 5.472183740291517440e-01 9.373035265939779759e-01
9.500000000000000000e+02 7.745047703962787411e-01 8.695837764944116532e-01 5.388331352782436134e-01 9.334256154856258592e-01
1.000000000000000000e+03 7.858308316931228443e-01 8.707564384124407697e-01 5.310311135574261598e-01 9.295046074421456916e-01
1.050000000000000000e+03 7.956771287318289421e-01 8.714149960667932904e-01 5.237581775293453923e-01 9.255465586902994479e-01
1.100000000000000000e+03 8.041855545857905518e-01 8.716100092402818689e-01 5.169653092384131066e-01 9.215569432423664775e-01
1.150000000000000000e+03 8.114845763479623386e-01 8.713872477074339207e-01 5.106081206486929869e-01 9.175407079926155562e-01
1.200000000000000000e+03 8.176905046443956326e-01 8.707881441899348873e-01 5.046464158944856671e-01 9.135023226040120958e-01
1.250000000000000000e+03 8.229086431111807265e-01 8.698502044835385583e-01 4.990437949213407109e-01 9.094458246777648025e-01
1.300000000000000000e+03 8.272343291846246949e-01 8.686073788060073575e-01 4.937672946039034505e-01 9.053748606517305619e-01
1.350000000000000000e+03 8.307538764813271470e-01 8.670903980327578919e-01 4.887870637970483378e-01 9.012927228315309458e-01
1.400000000000000000e+03 8.335454280731312560e-01 8.653270781401846135e-01 4.840760691118051740e-01 8.972023829200432843e-01
1.450000000000000000e+03 8.356797290821121882e-01 8.633425958627248820e-01 4.796098285109550718e-01 8.931065223763592353e-01
1.500000000000000000e+03 8.372208262241376264e-01 8.611597382854934146e-01 4.753661700938621726e-01 8.890075599039923837e-01
1.750000000000000000e+03 8.378759771991868277e-01 8.479268445871100957e-01 4.568464504732794307e-01 8.685354264723746942e-01
2.000000000000000000e+03 8.304126412278646230e-01 8.321197432249206605e-01 4.415641180844174229e-01 8.482350378951853953e-01
2.250000000000000000e+03 8.181968282134614023e-01 8.149316920918440177e-01 4.283480349241242102e-01 8.282269200727173653e-01
2.500000000000000000e+03 8.032725050431579472e-01 7.970844346166107153e-01 4.164831743258535224e-01 8.085799268706239662e-01
2.750000000000000000e+03 7.868791824163058335e-01 7.790128681098689167e-01 4.055321432556909245e-01 7.893315734094460412e-01
3.000000000000000000e+03 7.697669033589946697e-01 7.609774260023967063e-01 3.952265636858207087e-01 7.705004078464994244e-01
3.250000000000000000e+03 7.523879352599270876e-01 7.431324685292393095e-01 3.854009685813287733e-01 7.520935380342729237e-01
3.500000000000000000e+03 7.350134266467529542e-01 7.255679012543679862e-01 3.759525713056626195e-01 7.341112096115234298e-01
3.750000000000000000e+03 7.178043993376020948e-01 7.083345007505897906e-01 3.668167810066333967e-01 7.165495897248543855e-01
4.000000000000000000e+03 7.008549502398473408e-01 6.914593248963443184e-01 3.579523006630028759e-01 6.994024587968347140e-01
4.250000000000000000e+03 6.842185406537966141e-01 6.749550889602984327e-01 3.493320569402417197e-01 6.826622378130753344e-01
4.500000000000000000e+03 6.679239930868148267e-01 6.588258694612024735e-01 3.409376791753421232e-01 6.663206112765313049e-01
4.750000000000000000e+03 6.519852243552888282e-01 6.430705732514088169e-01 3.327561383049011945e-01 6.503689041477901389e-01
5.000000000000000000e+03 6.364071667917753361e-01 6.276850466198750089e-01 3.247777003102188531e-01 6.347983091191314875e-01
7.500000000000000000e+03 4.994852501667922939e-01 4.926133136989372385e-01 2.548665155499657553e-01 4.981824038604458771e-01
1.000000000000000000e+04 3.919892699936774472e-01 3.865960834622116371e-01 2.000155453744923706e-01 3.909665341892831214e-01
1.250000000000000000e+04 3.076276513550609271e-01 3.033951533382818200e-01 1.569693777008388524e-01 3.068250207694122600e-01
1.500000000000000000e+04 2.414218411121547003e-01 2.381002363670740862e-01 1.231873532568055346e-01 2.407919479375837113e-01
1.750000000000000000e+04 1.894644551809793742e-01 1.868577066346625015e-01 9.667569703904500822e-02 1.889701239033477753e-01
2.000000000000000000e+04 1.486890316619308428e-01 1.466432921760317254e-01 7.586972323778001792e-02 1.483010874487476483e-01
2.250000000000000000e+04 1.166890545007201324e-01 1.150835870113151027e-01 5.954148850721559943e-02 1.163846013549205416e-01
2.500000000000000000e+04 9.157592384642766759e-02 9.031597560897949850e-02 4.672732023213085201e-02 9.133699331250701159e-02
2.750000000000000000e+04 7.186749317841942264e-02 7.087870357568691604e-02 3.667094173857449180e-02 7.167998386597769500e-02
3.000000000000000000e+04 5.640059481585719264e-02 5.562460668443044987e-02 2.877883776158079304e-02 5.625344015263594732e-02
3.250000000000000000e+04 4.426239117155829350e-02 4.365340663283421435e-02 2.258522589389010127e-02 4.414690626776460181e-02
3.500000000000000000e+04 3.473650018444873061e-02 3.425857770936772267e-02 1.772456667305056383e-02 3.464586926109029102e-02
3.750000000000000000e+04 2.726071531895791003e-02 2.688564850253902239e-02 1.390998988557396940e-02 2.718958944883139925e-02
4.000000000000000000e+04 2.139382481698508601e-02 2.109947767050542738e-02 1.091636383477629160e-02 2.133800623747834566e-02
4.250000000000000000e+04 1.678957191492155138e-02 1.655857242670246560e-02 8.567008341019685669e-03 1.674576628115411261e-02
4.500000000000000000e+04 1.317621918931125360e-02 1.299493404965332451e-02 6.723267291741469309e-03 1.314184114589411929e-02
4.750000000000000000e+04 1.034051094361005015e-02 1.019824092338547129e-02 5.276325325816180571e-03 1.031353154010534318e-02
