2.82500e+03 6.14381138e-05
2.82525e+03 6.43737582e-05
2.82550e+03 6.75288665e-05
2.82575e+03 7.09262429e-05
2.82600e+03 7.45917768e-05
2.82625e+03 7.85549640e-05
2.82650e+03 8.28495346e-05
2.82675e+03 8.75142138e-05
2.82700e+03 9.25936486e-05
2.82725e+03 9.81395436e-05
2.82750e+03 1.04212062e-04
2.82775e+03 1.10881566e-04
2.82800e+03 1.18230793e-04
2.82825e+03 1.26357597e-04
2.82850e+03 1.35378440e-04
2.82875e+03 1.45432858e-04
2.82900e+03 1.56689246e-04
2.82925e+03 1.69352417e-04
2.82950e+03 1.83673587e-04
2.82975e+03 1.99963706e-04
2.83000e+03 2.18611484e-04
2.83025e+03 2.40108053e-04
2.83050e+03 2.65081164e-04
2.83075e+03 2.94343230e-04
2.83100e+03 3.28959712e-04
2.83125e+03 3.70347638e-04
2.83150e+03 4.20418902e-04
2.83175e+03 4.81789501e-04
2.83200e+03 5.58082705e-04
2.83225e+03 6.54353926e-04
2.83250e+03 7.77631004e-04
2.83275e+03 9.37412478e-04
2.83300e+03 1.14548088e-03
2.83325e+03 1.41319054e-03
2.83350e+03 1.74265381e-03
2.83375e+03 2.10976971e-03
2.83400e+03 2.45107175e-03
2.83425e+03 2.68659713e-03
2.83450e+03 2.78576266e-03
2.83475e+03 2.80809079e-03
2.83500e+03 2.86272555e-03
2.83525e+03 3.03777448e-03
2.83550e+03 3.36009959e-03
2.83575e+03 3.77436247e-03
2.83600e+03 4.13302745e-03
2.83625e+03 4.24971238e-03
2.83650e+03 4.03201180e-03
2.83675e+03 3.56176176e-03
2.83700e+03 3.01512708e-03
2.83725e+03 2.53269361e-03
2.83750e+03 2.17537280e-03
2.83775e+03 1.95194897e-03
2.83800e+03 1.85328395e-03
2.83825e+03 1.86744395e-03
2.83850e+03 1.97631668e-03
2.83875e+03 2.13881621e-03
2.83900e+03 2.27630941e-03
2.83925e+03 2.29372068e-03
2.83950e+03 2.14364981e-03
2.83975e+03 1.86569655e-03
2.84000e+03 1.54618995e-03
2.84025e+03 1.25302175e-03
2.84050e+03 1.01337075e-03
2.84075e+03 8.27282628e-04
2.84100e+03 6.84933774e-04
2.84125e+03 5.75641515e-04
2.84150e+03 4.90708131e-04
2.84175e+03 4.23696496e-04
2.84200e+03 3.69992420e-04
2.84225e+03 3.26306124e-04
2.84250e+03 2.90276516e-04
2.84275e+03 2.60188595e-04
2.84300e+03 2.34778918e-04
2.84325e+03 2.13102942e-04
2.84350e+03 1.94444274e-04
2.84375e+03 1.78252032e-04
2.84400e+03 1.64097090e-04
2.84425e+03 1.51641114e-04
2.84450e+03 1.40614350e-04
2.84475e+03 1.30799491e-04
2.84500e+03 1.22019797e-04
