-2.500000000000000000e+03 -6.042166510567877763e-02 4.416951662605441559e-02
-2.400000000000000000e+03 4.567241872980239842e-02 4.416951662605441559e-02
-2.300000000000000000e+03 4.292737083253029412e-02 4.416951662605441559e-02
-2.200000000000000000e+03 -3.364089050265221814e-02 4.416951662605441559e-02
-2.100000000000000000e+03 -3.015216745832700537e-02 4.416951662605441559e-02
-2.000000000000000000e+03 1.113227812004211753e-02 4.416951662605441559e-02
-1.900000000000000000e+03 5.664056346221617300e-02 4.416951662605441559e-02
-1.800000000000000000e+03 4.166632802002135511e-02 4.416951662605441559e-02
-1.700000000000000000e+03 1.073215856013431425e-02 4.416951662605441559e-02
-1.600000000000000000e+03 8.010847309651221437e-02 4.416951662605441559e-02
-1.500000000000000000e+03 -2.243754523282176852e-03 4.416951662605441559e-02
-1.400000000000000000e+03 1.424698931655327648e-02 4.416951662605441559e-02
-1.300000000000000000e+03 2.443404335412826742e-02 4.416951662605441559e-02
-1.200000000000000000e+03 -6.605060314345026842e-03 4.416951662605441559e-02
-1.100000000000000000e+03 2.131888034564495549e-02 4.416951662605441559e-02
-1.000000000000000000e+03 3.673973161456493830e-02 4.416951662605441559e-02
-9.000000000000000000e+02 1.309991143214220624e-02 4.416951662605441559e-02
-8.000000000000000000e+02 5.058163248249854249e-02 4.416951662605441559e-02
-7.000000000000000000e+02 -4.885438183966021863e-02 4.416951662605441559e-02
-6.000000000000000000e+02 1.089461332775599617e-01 4.416951662605441559e-02
-5.000000000000000000e+02 -1.890513556834437503e-02 4.416951662605441559e-02
-4.500000000000000000e+02 -7.141161671922627296e-02 4.416951662605441559e-02
-4.000000000000000000e+02 4.007438908437447114e-03 4.416951662605441559e-02
-3.500000000000000000e+02 5.890657366457673766e-02 4.416951662605441559e-02
-3.000000000000000000e+02 -2.587047894785216018e-02 4.416951662605441559e-02
-2.500000000000000000e+02 1.435572175168452203e-02 4.416951662605441559e-02
-2.000000000000000000e+02 3.951985390106063645e-02 4.416951662605441559e-02
-1.500000000000000000e+02 -6.061075878921801108e-02 4.416951662605441559e-02
-1.000000000000000000e+02 5.757830980818046118e-02 4.416951662605441559e-02
-5.000000000000000000e+01 2.585908730417363355e-02 4.416951662605441559e-02
0.000000000000000000e+00 -1.508452483645617015e-03 4.416951662605441559e-02
5.000000000000000000e+01 -2.127817411615995358e-02 4.416951662605441559e-02
1.000000000000000000e+02 -1.824496721843182900e-02 4.416951662605441559e-02
1.500000000000000000e+02 -1.059294614575045923e-02 4.416951662605441559e-02
2.000000000000000000e+02 3.629533049683741908e-02 4.416951662605441559e-02
2.500000000000000000e+02 -6.570858976329341239e-02 4.416951662605441559e-02
3.000000000000000000e+02 -2.729111837562936405e-02 4.416951662605441559e-02
3.500000000000000000e+02 7.091879909179032992e-03 4.416951662605441559e-02
4.000000000000000000e+02 8.510858835396539757e-02 4.416951662605441559e-02
4.500000000000000000e+02 -4.019662854353289738e-03 4.416951662605441559e-02
5.000000000000000000e+02 -9.244375785295355641e-03 4.416951662605441559e-02
5.500000000000000000e+02 -2.744756845378892862e-02 4.416951662605441559e-02
6.000000000000000000e+02 4.381937100136834573e-02 4.416951662605441559e-02
6.500000000000000000e+02 -8.864149150740141536e-02 4.416951662605441559e-02
7.000000000000000000e+02 2.528062732484248620e-02 4.416951662605441559e-02
7.500000000000000000e+02 -1.540999490720285081e-02 4.416951662605441559e-02
8.000000000000000000e+02 4.770976089971568079e-02 4.416951662605441559e-02
8.500000000000000000e+02 -1.907532098522568553e-02 4.416951662605441559e-02
9.000000000000000000e+02 -1.676939803364574377e-02 4.416951662605441559e-02
9.500000000000000000e+02 1.057027276425892559e-02 4.416951662605441559e-02
1.000000000000000000e+03 5.434955774903527104e-02 4.416951662605441559e-02
1.050000000000000000e+03 -8.509365967439896927e-03 4.416951662605441559e-02
1.100000000000000000e+03 4.661807278616758587e-02 4.416951662605441559e-02
1.150000000000000000e+03 -9.362749800491709795e-02 4.416951662605441559e-02
1.200000000000000000e+03 -3.568425380994810769e-02 4.416951662605441559e-02
1.250000000000000000e+03 2.081871579563954189e-02 4.416951662605441559e-02
1.300000000000000000e+03 -2.507815145463998530e-02 4.416951662605441559e-02
1.350000000000000000e+03 -1.053841438063030100e-02 4.416951662605441559e-02
1.400000000000000000e+03 -7.831008257578098153e-03 4.416951662605441559e-02
1.450000000000000000e+03 -5.954488021231940653e-02 4.416951662605441559e-02
1.500000000000000000e+03 -1.600494389421569519e-02 4.416951662605441559e-02
1.750000000000000000e+03 3.099767424194332932e-02 4.416951662605441559e-02
2.000000000000000000e+03 4.504717767379651239e-02 4.416951662605441559e-02
2.250000000000000000e+03 -2.697234743685461567e-02 4.416951662605441559e-02
2.500000000000000000e+03 -2.449460111205947754e-03 4.416951662605441559e-02
2.750000000000000000e+03 7.384903318901547831e-02 4.416951662605441559e-02
3.000000000000000000e+03 -6.834066917624515014e-02 4.416951662605441559e-02
3.250000000000000000e+03 1.189548930064199261e-02 4.416951662605441559e-02
3.500000000000000000e+03 4.088309072734175320e-02 4.416951662605441559e-02
3.750000000000000000e+03 2.597181226648936914e-02 4.416951662605441559e-02
4.000000000000000000e+03 4.496183415862575750e-02 4.416951662605441559e-02
4.250000000000000000e+03 1.153993940340924951e-02 4.416951662605441559e-02
4.500000000000000000e+03 3.436512867286289907e-02 4.416951662605441559e-02
4.750000000000000000e+03 -1.077477114605740471e-02 4.416951662605441559e-02
5.000000000000000000e+03 -3.120630611654584552e-02 4.416951662605441559e-02
7.500000000000000000e+03 4.941924783761986184e-03 4.416951662605441559e-02
1.000000000000000000e+04 5.533385427756398744e-02 4.416951662605441559e-02
1.250000000000000000e+04 -2.665751497081525478e-02 4.416951662605441559e-02
1.500000000000000000e+04 -1.503289674524868613e-02 4.416951662605441559e-02
1.750000000000000000e+04 -1.214486913117326927e-02 4.416951662605441559e-02
2.000000000000000000e+04 -3.839208776372149412e-02 4.416951662605441559e-02
2.250000000000000000e+04 -4.208006989561491329e-02 4.416951662605441559e-02
2.500000000000000000e+04 -5.183355571756853575e-02 4.416951662605441559e-02
2.750000000000000000e+04 2.020698212090156487e-02 4.416951662605441559e-02
3.000000000000000000e+04 3.602754799550412362e-02 4.416951662605441559e-02
3.250000000000000000e+04 5.568362972958956769e-03 4.416951662605441559e-02
3.500000000000000000e+04 3.449893735004846973e-02 4.416951662605441559e-02
3.750000000000000000e+04 -3.929582222237986561e-02 4.416951662605441559e-02
4.000000000000000000e+04 4.671872611791798996e-02 4.416951662605441559e-02
4.250000000000000000e+04 2.341611241718457789e-02 4.416951662605441559e-02
4.500000000000000000e+04 4.351717262502438621e-02 4.416951662605441559e-02
4.750000000000000000e+04 -5.646505569662662975e-03 4.416951662605441559e-02
