-2.500000000000000000e+03 -7.256815303016835028e-02 4.177089091819840422e-02
-2.400000000000000000e+03 -1.034463091783502098e-01 4.177089091819840422e-02
-2.300000000000000000e+03 2.582602370956777610e-02 4.177089091819840422e-02
-2.200000000000000000e+03 -4.620504011420460688e-02 4.177089091819840422e-02
-2.100000000000000000e+03 3.080124363774467897e-02 4.177089091819840422e-02
-2.000000000000000000e+03 -3.981330501948508738e-02 4.177089091819840422e-02
-1.900000000000000000e+03 4.139549152810412941e-02 4.177089091819840422e-02
-1.800000000000000000e+03 -4.025673778605278613e-02 4.177089091819840422e-02
-1.700000000000000000e+03 -1.837680747864972597e-02 4.177089091819840422e-02
-1.600000000000000000e+03 1.947060348006211458e-02 4.177089091819840422e-02
-1.500000000000000000e+03 -1.348740522628309952e-03 4.177089091819840422e-02
-1.400000000000000000e+03 -1.848745813350405331e-02 4.177089091819840422e-02
-1.300000000000000000e+03 3.607376169083435780e-02 4.177089091819840422e-02
-1.200000000000000000e+03 -6.252252495789147047e-02 4.177089091819840422e-02
-1.100000000000000000e+03 -3.158979538961477485e-02 4.177089091819840422e-02
-1.000000000000000000e+03 -8.944241195330789040e-02 4.177089091819840422e-02
-9.000000000000000000e+02 1.669736601674118998e-02 4.177089091819840422e-02
-8.000000000000000000e+02 6.018824406835949353e-02 4.177089091819840422e-02
-7.000000000000000000e+02 -9.757306089337119612e-03 4.177089091819840422e-02
-6.000000000000000000e+02 1.531277711799393371e-02 4.177089091819840422e-02
-5.000000000000000000e+02 -1.105958950580256117e-02 4.177089091819840422e-02
-4.500000000000000000e+02 -2.168721672919507459e-02 4.177089091819840422e-02
-4.000000000000000000e+02 6.370677724198557657e-02 4.177089091819840422e-02
-3.500000000000000000e+02 -3.619897418172819681e-03 4.177089091819840422e-02
-3.000000000000000000e+02 -2.424722900699619738e-02 4.177089091819840422e-02
-2.500000000000000000e+02 -3.137020793193957477e-03 4.177089091819840422e-02
-2.000000000000000000e+02 1.383661356697275802e-02 4.177089091819840422e-02
-1.500000000000000000e+02 -6.974289030571956260e-03 4.177089091819840422e-02
-1.000000000000000000e+02 -1.215719222743072425e-02 4.177089091819840422e-02
-5.000000000000000000e+01 5.216223886241044827e-03 4.177089091819840422e-02
0.000000000000000000e+00 -3.556089943937787434e-03 4.177089091819840422e-02
5.000000000000000000e+01 6.528531784004215632e-02 4.177089091819840422e-02
1.000000000000000000e+02 -7.502859916285171960e-02 4.177089091819840422e-02
1.500000000000000000e+02 3.561159607310787623e-02 4.177089091819840422e-02
2.000000000000000000e+02 2.402086848344731074e-02 4.177089091819840422e-02
2.500000000000000000e+02 -5.437963562427755582e-02 4.177089091819840422e-02
3.000000000000000000e+02 1.521861464669949093e-02 4.177089091819840422e-02
3.500000000000000000e+02 -6.370844090115340697e-02 4.177089091819840422e-02
4.000000000000000000e+02 1.113730744244606496e-02 4.177089091819840422e-02
4.500000000000000000e+02 6.043208166242597379e-02 4.177089091819840422e-02
5.000000000000000000e+02 1.539517959279113057e-02 4.177089091819840422e-02
5.500000000000000000e+02 -1.056810133654914052e-01 4.177089091819840422e-02
6.000000000000000000e+02 3.851771852394214601e-02 4.177089091819840422e-02
6.500000000000000000e+02 -1.379394721467019913e-02 4.177089091819840422e-02
7.000000000000000000e+02 2.329854855623691989e-02 4.177089091819840422e-02
7.500000000000000000e+02 -1.037897055754544162e-02 4.177089091819840422e-02
8.000000000000000000e+02 8.690756819849965176e-02 4.177089091819840422e-02
8.500000000000000000e+02 1.540607274148642070e-02 4.177089091819840422e-02
9.000000000000000000e+02 -1.680020368470125369e-02 4.177089091819840422e-02
9.500000000000000000e+02 3.275758847565879428e-02 4.177089091819840422e-02
1.000000000000000000e+03 -5.032811846746532147e-02 4.177089091819840422e-02
1.050000000000000000e+03 6.155900248646872797e-03 4.177089091819840422e-02
1.100000000000000000e+03 5.286998247312346688e-02 4.177089091819840422e-02
1.150000000000000000e+03 -4.472252916667085465e-03 4.177089091819840422e-02
1.200000000000000000e+03 -7.073394386872300377e-02 4.177089091819840422e-02
1.250000000000000000e+03 3.206220485727107050e-02 4.177089091819840422e-02
1.300000000000000000e+03 -6.795765750168147878e-02 4.177089091819840422e-02
1.350000000000000000e+03 6.926636233201899362e-02 4.177089091819840422e-02
1.400000000000000000e+03 -1.206754054789505037e-02 4.177089091819840422e-02
1.450000000000000000e+03 -2.427056513990932807e-02 4.177089091819840422e-02
1.500000000000000000e+03 -2.630960848804986263e-03 4.177089091819840422e-02
1.750000000000000000e+03 9.942158028258862856e-02 4.177089091819840422e-02
2.000000000000000000e+03 1.445979674374275881e-02 4.177089091819840422e-02
2.250000000000000000e+03 -4.883134959722112978e-02 4.177089091819840422e-02
2.500000000000000000e+03 -3.700033290310045242e-02 4.177089091819840422e-02
2.750000000000000000e+03 1.027432155315203266e-01 4.177089091819840422e-02
3.000000000000000000e+03 -1.198670970873376707e-01 4.177089091819840422e-02
3.250000000000000000e+03 6.738044406070387016e-02 4.177089091819840422e-02
3.500000000000000000e+03 4.364648274700677621e-02 4.177089091819840422e-02
3.750000000000000000e+03 -1.308933357487562787e-02 4.177089091819840422e-02
4.000000000000000000e+03 -4.033122831115787399e-02 4.177089091819840422e-02
4.250000000000000000e+03 -9.838869309781950179e-03 4.177089091819840422e-02
4.500000000000000000e+03 -4.734066450357199418e-02 4.177089091819840422e-02
4.750000000000000000e+03 4.959424411637214369e-03 4.177089091819840422e-02
5.000000000000000000e+03 9.611586173206898565e-03 4.177089091819840422e-02
7.500000000000000000e+03 -1.163968770471351943e-02 4.177089091819840422e-02
1.000000000000000000e+04 -2.102232259276703985e-02 4.177089091819840422e-02
1.250000000000000000e+04 -2.461376488169175758e-02 4.177089091819840422e-02
1.500000000000000000e+04 -7.701795178603088043e-03 4.177089091819840422e-02
1.750000000000000000e+04 -7.510562025364653227e-03 4.177089091819840422e-02
2.000000000000000000e+04 -5.562157376836358857e-02 4.177089091819840422e-02
2.250000000000000000e+04 -2.596814865453557497e-02 4.177089091819840422e-02
2.500000000000000000e+04 -1.553458055857587228e-02 4.177089091819840422e-02
2.750000000000000000e+04 3.332665073711854609e-04 4.177089091819840422e-02
3.000000000000000000e+04 1.024529705663364404e-01 4.177089091819840422e-02
3.250000000000000000e+04 -1.590525781642365688e-02 4.177089091819840422e-02
3.500000000000000000e+04 -5.202955243067326069e-02 4.177089091819840422e-02
3.750000000000000000e+04 -2.330506361508446686e-02 4.177089091819840422e-02
4.000000000000000000e+04 -1.304895496294150581e-02 4.177089091819840422e-02
4.250000000000000000e+04 5.877018044418977349e-02 4.177089091819840422e-02
4.500000000000000000e+04 5.768409047895099728e-03 4.177089091819840422e-02
4.750000000000000000e+04 -6.984637897881085244e-02 4.177089091819840422e-02
