-2.500000000000000000e+03 -2.887096649065999318e-02 4.985962571428550344e-02
-2.400000000000000000e+03 -8.961160816249714653e-03 4.985962571428550344e-02
-2.300000000000000000e+03 -6.931434632194274914e-02 4.985962571428550344e-02
-2.200000000000000000e+03 -6.978954022346889850e-03 4.985962571428550344e-02
-2.100000000000000000e+03 1.266509936692543272e-03 4.985962571428550344e-02
-2.000000000000000000e+03 7.469322978342300690e-02 4.985962571428550344e-02
-1.900000000000000000e+03 -8.458087014579028506e-02 4.985962571428550344e-02
-1.800000000000000000e+03 -5.232252490044154297e-02 4.985962571428550344e-02
-1.700000000000000000e+03 -2.867466718415364116e-02 4.985962571428550344e-02
-1.600000000000000000e+03 3.661006834710387597e-02 4.985962571428550344e-02
-1.500000000000000000e+03 2.812145751385620659e-02 4.985962571428550344e-02
-1.400000000000000000e+03 -5.497442092186095863e-02 4.985962571428550344e-02
-1.300000000000000000e+03 2.192839926403560361e-02 4.985962571428550344e-02
-1.200000000000000000e+03 1.961887653454990905e-03 4.985962571428550344e-02
-1.100000000000000000e+03 4.067333124907267922e-02 4.985962571428550344e-02
-1.000000000000000000e+03 -6.256517046602731724e-02 4.985962571428550344e-02
-9.000000000000000000e+02 9.575290625510729514e-02 4.985962571428550344e-02
-8.000000000000000000e+02 -6.578959418227886546e-02 4.985962571428550344e-02
-7.000000000000000000e+02 5.655077199235272051e-02 4.985962571428550344e-02
-6.000000000000000000e+02 -2.958544809888656243e-02 4.985962571428550344e-02
-5.000000000000000000e+02 1.870086852313923922e-02 4.985962571428550344e-02
-4.500000000000000000e+02 4.901434921030491110e-02 4.985962571428550344e-02
-4.000000000000000000e+02 -4.120782184519096447e-02 4.985962571428550344e-02
-3.500000000000000000e+02 -3.060310928478765513e-02 4.985962571428550344e-02
-3.000000000000000000e+02 -8.080959286656616558e-02 4.985962571428550344e-02
-2.500000000000000000e+02 -1.258641795805391997e-02 4.985962571428550344e-02
-2.000000000000000000e+02 -2.544115757440873482e-02 4.985962571428550344e-02
-1.500000000000000000e+02 3.318983523768026522e-02 4.985962571428550344e-02
-1.000000000000000000e+02 -1.817341680542750026e-02 4.985962571428550344e-02
-5.000000000000000000e+01 6.874785237138392180e-02 4.985962571428550344e-02
0.000000000000000000e+00 -1.040776523440034573e-02 4.985962571428550344e-02
5.000000000000000000e+01 -2.915765505400769175e-02 4.985962571428550344e-02
1.000000000000000000e+02 -7.123279141904059752e-02 4.985962571428550344e-02
1.500000000000000000e+02 -4.192342298784723642e-02 4.985962571428550344e-02
2.000000000000000000e+02 -5.093076535659135651e-02 4.985962571428550344e-02
2.500000000000000000e+02 7.714275732857289736e-02 4.985962571428550344e-02
3.000000000000000000e+02 3.311935339771265863e-02 4.985962571428550344e-02
3.500000000000000000e+02 1.332842561605740439e-02 4.985962571428550344e-02
4.000000000000000000e+02 1.563587405955768617e-02 4.985962571428550344e-02
4.500000000000000000e+02 3.480987929872403353e-02 4.985962571428550344e-02
5.000000000000000000e+02 -1.992503044352933461e-02 4.985962571428550344e-02
5.500000000000000000e+02 2.860275365562836569e-02 4.985962571428550344e-02
6.000000000000000000e+02 -7.583533979192658148e-02 4.985962571428550344e-02
6.500000000000000000e+02 1.991558114725211492e-02 4.985962571428550344e-02
7.000000000000000000e+02 3.291536602615730001e-02 4.985962571428550344e-02
7.500000000000000000e+02 -4.189766219813662040e-02 4.985962571428550344e-02
8.000000000000000000e+02 5.742491643059288720e-03 4.985962571428550344e-02
8.500000000000000000e+02 -4.831271458698471744e-02 4.985962571428550344e-02
9.000000000000000000e+02 3.360617099597063007e-02 4.985962571428550344e-02
9.500000000000000000e+02 2.631150559794626087e-02 4.985962571428550344e-02
1.000000000000000000e+03 -1.476986270127024214e-01 4.985962571428550344e-02
1.050000000000000000e+03 7.216922892187560556e-03 4.985962571428550344e-02
1.100000000000000000e+03 6.058238092662238117e-02 4.985962571428550344e-02
1.150000000000000000e+03 1.055792667903981963e-01 4.985962571428550344e-02
1.200000000000000000e+03 -4.157391122694786834e-02 4.985962571428550344e-02
1.250000000000000000e+03 8.030427476436929890e-02 4.985962571428550344e-02
1.300000000000000000e+03 7.116345678556235121e-02 4.985962571428550344e-02
1.350000000000000000e+03 2.746396056428723753e-02 4.985962571428550344e-02
1.400000000000000000e+03 2.046347964481054493e-02 4.985962571428550344e-02
1.450000000000000000e+03 -5.534913079433212424e-03 4.985962571428550344e-02
1.500000000000000000e+03 -4.852434885852519031e-03 4.985962571428550344e-02
1.750000000000000000e+03 -3.367959853796442804e-02 4.985962571428550344e-02
2.000000000000000000e+03 -6.410022585389452132e-02 4.985962571428550344e-02
2.250000000000000000e+03 3.800659223148394883e-02 4.985962571428550344e-02
2.500000000000000000e+03 1.178488445430536657e-02 4.985962571428550344e-02
2.750000000000000000e+03 4.316628348640993984e-03 4.985962571428550344e-02
3.000000000000000000e+03 4.983934024934200124e-02 4.985962571428550344e-02
3.250000000000000000e+03 -1.712525452247393165e-02 4.985962571428550344e-02
3.500000000000000000e+03 -6.287675638493117614e-02 4.985962571428550344e-02
3.750000000000000000e+03 -2.556515499380151990e-02 4.985962571428550344e-02
4.000000000000000000e+03 1.576813342819705088e-02 4.985962571428550344e-02
4.250000000000000000e+03 -8.493772490304152267e-02 4.985962571428550344e-02
4.500000000000000000e+03 -7.693257325467839358e-02 4.985962571428550344e-02
4.750000000000000000e+03 1.546523917331266151e-02 4.985962571428550344e-02
5.000000000000000000e+03 -1.756637121001858315e-02 4.985962571428550344e-02
7.500000000000000000e+03 -3.577356038849660580e-02 4.985962571428550344e-02
1.000000000000000000e+04 -4.991202568514024884e-02 4.985962571428550344e-02
1.250000000000000000e+04 7.816233050798510051e-02 4.985962571428550344e-02
1.500000000000000000e+04 9.869483555854358103e-02 4.985962571428550344e-02
1.750000000000000000e+04 7.109653254219014396e-02 4.985962571428550344e-02
2.000000000000000000e+04 -5.553977658626425840e-02 4.985962571428550344e-02
2.250000000000000000e+04 6.283944893328434478e-02 4.985962571428550344e-02
2.500000000000000000e+04 -2.361091598660149116e-02 4.985962571428550344e-02
2.750000000000000000e+04 -3.245949442137384400e-02 4.985962571428550344e-02
3.000000000000000000e+04 6.060890583991815350e-02 4.985962571428550344e-02
3.250000000000000000e+04 1.059277746232713951e-02 4.985962571428550344e-02
3.500000000000000000e+04 6.457068226264471578e-02 4.985962571428550344e-02
3.750000000000000000e+04 7.311038128843778267e-03 4.985962571428550344e-02
4.000000000000000000e+04 1.229612107350997602e-03 4.985962571428550344e-02
4.250000000000000000e+04 -3.090170256347337177e-02 4.985962571428550344e-02
4.500000000000000000e+04 -1.174222915264326074e-02 4.985962571428550344e-02
4.750000000000000000e+04 5.428491680498680541e-03 4.985962571428550344e-02
