-2.500000000000000000e+03 7.822218025858890256e-03 4.491403866003892270e-02
-2.400000000000000000e+03 8.165937231217574449e-03 4.491403866003892270e-02
-2.300000000000000000e+03 5.628429102264827233e-02 4.491403866003892270e-02
-2.200000000000000000e+03 2.109215811857711662e-02 4.491403866003892270e-02
-2.100000000000000000e+03 -1.872176084345627059e-02 4.491403866003892270e-02
-2.000000000000000000e+03 -2.969045762510162320e-02 4.491403866003892270e-02
-1.900000000000000000e+03 4.966711666098017064e-02 4.491403866003892270e-02
-1.800000000000000000e+03 2.090311952845918392e-02 4.491403866003892270e-02
-1.700000000000000000e+03 2.984544919374644903e-02 4.491403866003892270e-02
-1.600000000000000000e+03 -6.031863360071425262e-02 4.491403866003892270e-02
-1.500000000000000000e+03 -2.705613535025534755e-02 4.491403866003892270e-02
-1.400000000000000000e+03 -9.660016377851571648e-03 4.491403866003892270e-02
-1.300000000000000000e+03 8.409170968261703294e-02 4.491403866003892270e-02
-1.200000000000000000e+03 -1.087429395659397779e-01 4.491403866003892270e-02
-1.100000000000000000e+03 -1.016923437506155048e-01 4.491403866003892270e-02
-1.000000000000000000e+03 3.459533985983462984e-02 4.491403866003892270e-02
-9.000000000000000000e+02 -6.439235388296535301e-02 4.491403866003892270e-02
-8.000000000000000000e+02 3.617873810141273693e-03 4.491403866003892270e-02
-7.000000000000000000e+02 -1.521046619017931215e-02 4.491403866003892270e-02
-6.000000000000000000e+02 -6.703790210573368213e-02 4.491403866003892270e-02
-5.000000000000000000e+02 1.130274690696033910e-02 4.491403866003892270e-02
-4.500000000000000000e+02 9.678145074123019331e-02 4.491403866003892270e-02
-4.000000000000000000e+02 -1.209868603639664870e-02 4.491403866003892270e-02
-3.500000000000000000e+02 2.807125637129249604e-02 4.491403866003892270e-02
-3.000000000000000000e+02 -2.107509622162620153e-02 4.491403866003892270e-02
-2.500000000000000000e+02 -1.589660670883989973e-03 4.491403866003892270e-02
-2.000000000000000000e+02 -4.616002923368876104e-02 4.491403866003892270e-02
-1.500000000000000000e+02 -5.698711872585138227e-04 4.491403866003892270e-02
-1.000000000000000000e+02 2.541601218486655434e-02 4.491403866003892270e-02
-5.000000000000000000e+01 -3.735945694532027961e-02 4.491403866003892270e-02
0.000000000000000000e+00 -5.560628491314256738e-02 4.491403866003892270e-02
5.000000000000000000e+01 4.447684542456831203e-02 4.491403866003892270e-02
1.000000000000000000e+02 2.415169063883948475e-03 4.491403866003892270e-02
1.500000000000000000e+02 3.413277660185187745e-02 4.491403866003892270e-02
2.000000000000000000e+02 -7.376398013015883492e-02 4.491403866003892270e-02
2.500000000000000000e+02 3.046330261280083551e-02 4.491403866003892270e-02
3.000000000000000000e+02 2.561669692380785790e-02 4.491403866003892270e-02
3.500000000000000000e+02 6.419172211667145689e-02 4.491403866003892270e-02
4.000000000000000000e+02 3.779537097389229494e-02 4.491403866003892270e-02
4.500000000000000000e+02 -2.737393730188586449e-02 4.491403866003892270e-02
5.000000000000000000e+02 1.102508111682243275e-02 4.491403866003892270e-02
5.500000000000000000e+02 3.819863065300466154e-03 4.491403866003892270e-02
6.000000000000000000e+02 -6.579785049900210847e-02 4.491403866003892270e-02
6.500000000000000000e+02 1.915040103172060970e-02 4.491403866003892270e-02
7.000000000000000000e+02 -1.527851978929284371e-02 4.491403866003892270e-02
7.500000000000000000e+02 -1.681245017141430598e-02 4.491403866003892270e-02
8.000000000000000000e+02 5.701109098505763306e-02 4.491403866003892270e-02
8.500000000000000000e+02 2.309690035855682666e-03 4.491403866003892270e-02
9.000000000000000000e+02 2.646929340702008915e-02 4.491403866003892270e-02
9.500000000000000000e+02 4.905174471648843237e-03 4.491403866003892270e-02
1.000000000000000000e+03 -4.580562065522159054e-02 4.491403866003892270e-02
1.050000000000000000e+03 -2.388113120788437627e-02 4.491403866003892270e-02
1.100000000000000000e+03 9.531043312788456401e-02 4.491403866003892270e-02
1.150000000000000000e+03 -2.456731248347898688e-02 4.491403866003892270e-02
1.200000000000000000e+03 -7.644698816986222889e-02 4.491403866003892270e-02
1.250000000000000000e+03 4.590380805482219273e-02 4.491403866003892270e-02
1.300000000000000000e+03 -7.024509443179194346e-02 4.491403866003892270e-02
1.350000000000000000e+03 -3.380994900601563824e-02 4.491403866003892270e-02
1.400000000000000000e+03 -2.319903595489719583e-02 4.491403866003892270e-02
1.450000000000000000e+03 3.633959957277776986e-02 4.491403866003892270e-02
1.500000000000000000e+03 -4.141208880389257718e-02 4.491403866003892270e-02
1.750000000000000000e+03 3.001764335270018513e-02 4.491403866003892270e-02
2.000000000000000000e+03 1.210900617492793874e-02 4.491403866003892270e-02
2.250000000000000000e+03 1.666454440540382498e-02 4.491403866003892270e-02
2.500000000000000000e+03 -8.031633561557172118e-02 4.491403866003892270e-02
2.750000000000000000e+03 7.932815174078972076e-02 4.491403866003892270e-02
3.000000000000000000e+03 1.169923100398984062e-02 4.491403866003892270e-02
3.250000000000000000e+03 -7.336141660019512845e-02 4.491403866003892270e-02
3.500000000000000000e+03 -7.188027010275910289e-02 4.491403866003892270e-02
3.750000000000000000e+03 -9.806733938087230928e-03 4.491403866003892270e-02
4.000000000000000000e+03 -6.099592137735815323e-02 4.491403866003892270e-02
4.250000000000000000e+03 2.718252387563346861e-03 4.491403866003892270e-02
4.500000000000000000e+03 3.912520494834531570e-02 4.491403866003892270e-02
4.750000000000000000e+03 3.338594649977810747e-02 4.491403866003892270e-02
5.000000000000000000e+03 3.995183172937122329e-02 4.491403866003892270e-02
7.500000000000000000e+03 8.217838622306161689e-02 4.491403866003892270e-02
1.000000000000000000e+04 8.104169225703586332e-02 4.491403866003892270e-02
1.250000000000000000e+04 1.086288122761644437e-02 4.491403866003892270e-02
1.500000000000000000e+04 6.139377904049270196e-02 4.491403866003892270e-02
1.750000000000000000e+04 -2.486348112724549864e-02 4.491403866003892270e-02
2.000000000000000000e+04 -1.798239035434918281e-02 4.491403866003892270e-02
2.250000000000000000e+04 1.402017274496215188e-02 4.491403866003892270e-02
2.500000000000000000e+04 1.596176789538041735e-02 4.491403866003892270e-02
2.750000000000000000e+04 -2.313928506042058075e-02 4.491403866003892270e-02
3.000000000000000000e+04 4.397387850804405224e-02 4.491403866003892270e-02
3.250000000000000000e+04 -3.938167406315215557e-02 4.491403866003892270e-02
3.500000000000000000e+04 3.547557774129226488e-02 4.491403866003892270e-02
3.750000000000000000e+04 -8.833070825195531856e-03 4.491403866003892270e-02
4.000000000000000000e+04 2.617161391612247978e-02 4.491403866003892270e-02
4.250000000000000000e+04 3.336271868240455601e-02 4.491403866003892270e-02
4.500000000000000000e+04 3.203217362474183871e-02 4.491403866003892270e-02
4.750000000000000000e+04 -4.263145925940231562e-02 4.491403866003892270e-02
