# time_delay	fit_example_osc_1	fit_example_osc_2	fit_example_osc_3	fit_example_osc_4
-2.00000000e+00 0.00000000e+00 0.00000000e+00 0.00000000e+00 0.00000000e+00
-1.80000000e+00 0.00000000e+00 0.00000000e+00 0.00000000e+00 0.00000000e+00
-1.60000000e+00 6.55495949e-263 0.00000000e+00 -5.44298161e-300 0.00000000e+00
-1.40000000e+00 7.26923230e-197 1.28234276e-269 -4.04724087e-229 9.17717381e-252
-1.20000000e+00 1.94193889e-140 1.03664934e-202 -7.22241167e-168 2.78242556e-187
-1.00000000e+00 1.26255264e-93 2.01766290e-145 -3.11745694e-116 2.03489735e-132
-9.80000000e-01 1.79495131e-89 3.19817409e-140 -1.34462057e-111 1.84564825e-127
-9.60000000e-01 2.04551184e-85 4.06272367e-135 -4.64831758e-107 1.34162487e-122
-9.40000000e-01 1.86856742e-81 4.13618488e-130 -1.28794262e-102 7.81619919e-118
-9.20000000e-01 1.36831195e-77 3.37486341e-125 -2.86029188e-98 3.64963562e-113
-9.00000000e-01 8.03237690e-74 2.20695026e-120 -5.09150655e-94 1.36584124e-108
-8.80000000e-01 3.78006866e-70 1.15668700e-115 -7.26463808e-90 4.09690313e-104
-8.60000000e-01 1.42615621e-66 4.85884935e-111 -8.30851965e-86 9.84973102e-100
-8.40000000e-01 4.31382652e-63 1.63588606e-106 -7.61704135e-82 1.89808323e-95
-8.20000000e-01 1.04617458e-59 4.41451475e-102 -5.59775345e-78 2.93182439e-91
-8.00000000e-01 2.03428037e-56 9.54843081e-98 -3.29775727e-74 3.62996768e-87
-7.80000000e-01 3.17178363e-53 1.65542518e-93 -1.55745215e-70 3.60263840e-83
-7.60000000e-01 3.96556648e-50 2.30051819e-89 -5.89680206e-67 2.86618033e-79
-7.40000000e-01 3.97594913e-47 2.56266071e-85 -1.78994664e-63 1.82794851e-75
-7.20000000e-01 3.19696345e-44 2.28832341e-81 -4.35614679e-60 9.34578248e-72
-7.00000000e-01 2.06170187e-41 1.63801144e-77 -8.50006917e-57 3.83065787e-68
-6.80000000e-01 1.06644523e-38 9.39946238e-74 -1.32990375e-53 1.25878904e-64
-6.60000000e-01 4.42499119e-36 4.32404295e-70 -1.66846782e-50 3.31643613e-61
-6.40000000e-01 1.47295036e-33 1.59475282e-66 -1.67856996e-47 7.00564449e-58
-6.20000000e-01 3.93378808e-31 4.71552341e-63 -1.35428928e-44 1.18659527e-54
-6.00000000e-01 8.43007793e-29 1.11793805e-59 -8.76320163e-42 1.61160017e-51
-5.80000000e-01 1.44979577e-26 2.12508644e-56 -4.54805229e-39 1.75523922e-48
-5.60000000e-01 2.00124719e-24 3.23912690e-53 -1.89336621e-36 1.53308447e-45
-5.40000000e-01 2.21761348e-22 3.95908894e-50 -6.32309026e-34 1.07392919e-42
-5.20000000e-01 1.97308023e-20 3.88064681e-47 -1.69415504e-31 6.03388429e-40
-5.00000000e-01 1.40984672e-18 3.05058172e-44 -3.64212125e-29 2.71935175e-37
-4.80000000e-01 8.09237636e-17 1.92336552e-41 -6.28329471e-27 9.83150527e-35
-4.60000000e-01 3.73235759e-15 9.72692887e-39 -8.69988164e-25 2.85170361e-32
-4.40000000e-01 1.38369494e-13 3.94604637e-36 -9.66943741e-23 6.63692755e-30
-4.20000000e-01 4.12496289e-12 1.28429008e-33 -8.62838396e-21 1.23954567e-27
-4.00000000e-01 9.89297338e-11 3.35370875e-31 -6.18283534e-19 1.85802700e-25
-3.80000000e-01 1.90987592e-09 7.02750543e-29 -3.55859616e-17 2.23565515e-23
-3.60000000e-01 2.96995522e-08 1.18181498e-26 -1.64558893e-15 2.15973073e-21
-3.40000000e-01 3.72323709e-07 1.59527899e-24 -6.11580754e-14 1.67542999e-19
-3.20000000e-01 3.76670020e-06 1.72877298e-22 -1.82741806e-12 1.04397016e-17
-3.00000000e-01 3.07910768e-05 1.50431677e-20 -4.39202415e-11 5.22642017e-16
-2.80000000e-01 2.03710414e-04 1.05132997e-18 -8.49496659e-10 2.10287670e-14
-2.60000000e-01 1.09301565e-03 5.90269972e-17 -1.32312859e-08 6.80266709e-13
-2.40000000e-01 4.76911891e-03 2.66321326e-15 -1.66080063e-07 1.77007913e-11
-2.20000000e-01 1.69825629e-02 9.65959130e-14 -1.68156990e-06 3.70666275e-10
-2.00000000e-01 4.95921258e-02 2.81767192e-12 -1.37498988e-05 6.25065605e-09
-1.80000000e-01 1.19541399e-01 6.61327046e-11 -9.09298541e-05 8.49482726e-08
-1.60000000e-01 2.40020333e-01 1.24966717e-09 -4.87243158e-04 9.31280489e-07
-1.40000000e-01 4.06467497e-01 1.90255373e-08 -2.12062898e-03 8.24544026e-06
-1.20000000e-01 5.90557652e-01 2.33574797e-07 -7.52035439e-03 5.90469384e-05
-1.00000000e-01 7.52948056e-01 2.31491090e-06 -2.18221834e-02 3.42651061e-04
-8.00000000e-02 8.66398604e-01 1.85461774e-05 -5.21094966e-02 1.61525893e-03
-6.00000000e-02 9.28414839e-01 1.20320412e-04 -1.03196626e-01 6.20538142e-03
-4.00000000e-02 9.54720726e-01 6.33519089e-04 -1.71299785e-01 1.95120774e-02
-2.00000000e-02 9.64404882e-01 2.71510250e-03 -2.41798498e-01 5.05109332e-02
8.88178420e-16 9.70392664e-01 9.50840759e-03 -2.95828042e-01 1.08515653e-01
2.00000000e-02 9.78234905e-01 2.73528262e-02 -3.21289229e-01 1.95619887e-01
4.00000000e-02 9.88762353e-01 6.50997450e-02 -3.18339748e-01 3.00397145e-01
6.00000000e-02 1.00066877e+00 1.29453939e-01 -2.95667924e-01 4.00935663e-01
8.00000000e-02 1.01199155e+00 2.18010764e-01 -2.63148765e-01 4.77088922e-01
1.00000000e-01 1.02085209e+00 3.16648737e-01 -2.27434577e-01 5.21239981e-01
1.20000000e-01 1.02586129e+00 4.06108198e-01 -1.91653030e-01 5.38596018e-01
1.40000000e-01 1.02634851e+00 4.73067377e-01 -1.56852527e-01 5.39612065e-01
1.60000000e-01 1.02244328e+00 5.15762330e-01 -1.23247555e-01 5.33037747e-01
1.80000000e-01 1.01501495e+00 5.40686330e-01 -9.08194336e-02 5.23747100e-01
2.00000000e-01 1.00548954e+00 5.55855480e-01 -5.95169980e-02 5.13770785e-01
2.20000000e-01 9.95580693e-01 5.66763961e-01 -2.93049813e-02 5.03814447e-01
2.40000000e-01 9.86984853e-01 5.76030400e-01 -1.69397931e-04 4.94136102e-01
2.60000000e-01 9.81093959e-01 5.84581527e-01 2.78879956e-02 4.84865055e-01
2.80000000e-01 9.78773731e-01 5.92668609e-01 5.48584170e-02 4.76076361e-01
3.00000000e-01 9.80241976e-01 6.00347964e-01 8.07353652e-02 4.67797681e-01
3.20000000e-01 9.85062785e-01 6.07637482e-01 1.05522808e-01 4.60008187e-01
3.40000000e-01 9.92252029e-01 6.14554076e-01 1.29240916e-01 4.52643254e-01
3.60000000e-01 1.00047088e+00 6.21119691e-01 1.51928493e-01 4.45606101e-01
3.80000000e-01 1.00827023e+00 6.27360477e-01 1.73641870e-01 4.38784362e-01
4.00000000e-01 1.01434212e+00 6.33304398e-01 1.94450619e-01 4.32068553e-01
4.20000000e-01 1.01773503e+00 6.38978470e-01 2.14430982e-01 4.25369227e-01
4.40000000e-01 1.01799830e+00 6.44406209e-01 2.33658263e-01 4.18629932e-01
4.60000000e-01 1.01523458e+00 6.49605708e-01 2.52199505e-01 4.11834010e-01
4.80000000e-01 1.01005573e+00 6.54588664e-01 2.70107725e-01 4.05004350e-01
5.00000000e-01 1.00345438e+00 6.59360456e-01 2.87418594e-01 3.98196477e-01
5.20000000e-01 9.96617045e-01 6.63921227e-01 3.04150028e-01 3.91486488e-01
5.40000000e-01 9.90713284e-01 6.68267739e-01 3.20304623e-01 3.84956108e-01
5.60000000e-01 9.86697885e-01 6.72395642e-01 3.35874393e-01 3.78677551e-01
5.80000000e-01 9.85159064e-01 6.76301768e-01 3.50846903e-01 3.72700769e-01
6.00000000e-01 9.86236216e-01 6.79986049e-01 3.65211693e-01 3.67045124e-01
6.20000000e-01 9.89617848e-01 6.83452767e-01 3.78965896e-01 3.61696705e-01
6.40000000e-01 9.94616180e-01 6.86710940e-01 3.92118139e-01 3.56611442e-01
6.60000000e-01 1.00030206e+00 6.89773843e-01 4.04690160e-01 3.51723243e-01
6.80000000e-01 1.00567439e+00 6.92657770e-01 4.16715975e-01 3.46955494e-01
7.00000000e-01 1.00983355e+00 6.95380305e-01 4.28238860e-01 3.42233837e-01
7.20000000e-01 1.01212936e+00 6.97958400e-01 4.39306777e-01 3.37497968e-01
7.40000000e-01 1.01225939e+00 7.00406613e-01 4.49967096e-01 3.32710515e-01
7.60000000e-01 1.01030367e+00 7.02735798e-01 4.60261552e-01 3.27861621e-01
7.80000000e-01 1.00669263e+00 7.04952439e-01 4.70222281e-01 3.22968653e-01
8.00000000e-01 1.00211711e+00 7.07058724e-01 4.79869568e-01 3.18071339e-01
8.20000000e-01 9.97398559e-01 7.09053304e-01 4.89211605e-01 3.13223350e-01
8.40000000e-01 9.93343209e-01 7.10932583e-01 4.98246214e-01 3.08481958e-01
8.60000000e-01 9.90605886e-01 7.12692288e-01 5.06964145e-01 3.03897592e-01
8.80000000e-01 9.89586105e-01 7.14329047e-01 5.15353322e-01 2.99505083e-01
9.00000000e-01 9.90372508e-01 7.15841708e-01 5.23403273e-01 2.95318002e-01
9.20000000e-01 9.92742776e-01 7.17232181e-01 5.31108986e-01 2.91326899e-01
9.40000000e-01 9.96216354e-01 7.18505697e-01 5.38473566e-01 2.87501554e-01
9.60000000e-01 1.00014849e+00 7.19670452e-01 5.45509303e-01 2.83796666e-01
9.80000000e-01 1.00384764e+00 7.20736748e-01 5.52237057e-01 2.80159849e-01
1.00000000e+00 1.00669514e+00 7.21715784e-01 5.58684133e-01 2.76540457e-01
1.20000000e+00 9.93212156e-01 7.27970600e-01 6.12420915e-01 2.39948824e-01
1.40000000e+00 1.00061911e+00 7.28422443e-01 6.49137433e-01 2.09081685e-01
1.60000000e+00 1.00294612e+00 7.25360751e-01 6.75267106e-01 1.80570187e-01
1.80000000e+00 9.96456995e-01 7.19940952e-01 6.93787377e-01 1.53658497e-01
2.00000000e+00 9.99885312e-01 7.12887142e-01 7.07078933e-01 1.29054515e-01
2.20000000e+00 1.00104041e+00 7.04947946e-01 7.17245204e-01 1.05373077e-01
2.40000000e+00 9.97895986e-01 6.96446844e-01 7.25062687e-01 8.23751074e-02
2.60000000e+00 9.99457598e-01 6.87572796e-01 7.31227158e-01 6.04977145e-02
2.80000000e+00 1.00000650e+00 6.78578653e-01 7.36454057e-01 3.91458118e-02
3.00000000e+00 9.98459981e-01 6.69549711e-01 7.40922374e-01 1.82356405e-02
3.20000000e+00 9.99145112e-01 6.60527682e-01 7.44831652e-01 -1.99612103e-03
3.40000000e+00 9.99381027e-01 6.51600667e-01 7.48437694e-01 -2.18153600e-02
3.60000000e+00 9.98596049e-01 6.42787686e-01 7.51769435e-01 -4.12571877e-02
3.80000000e+00 9.98868329e-01 6.34092793e-01 7.54882327e-01 -6.02023524e-02
4.00000000e+00 9.98942027e-01 6.25547073e-01 7.57873347e-01 -7.87743605e-02
4.20000000e+00 9.98518218e-01 6.17152066e-01 7.60740013e-01 -9.69917715e-02
4.40000000e+00 9.98594529e-01 6.08903761e-01 7.63497025e-01 -1.14798024e-01
4.60000000e+00 9.98583116e-01 6.00812588e-01 7.66183591e-01 -1.32253207e-01
4.80000000e+00 9.98328941e-01 5.92875989e-01 7.68794135e-01 -1.49369446e-01
5.00000000e+00 9.98310717e-01 5.85089174e-01 7.71332403e-01 -1.66122074e-01
6.00000000e+00 9.97787643e-01 5.48379458e-01 7.83187501e-01 -2.44997506e-01
7.00000000e+00 9.97258407e-01 5.15133718e-01 7.93793374e-01 -3.16257271e-01
8.00000000e+00 9.96660972e-01 4.85033097e-01 8.03300215e-01 -3.80638327e-01
9.00000000e+00 9.96030056e-01 4.57779243e-01 8.11816214e-01 -4.38794556e-01
1.00000000e+01 9.95365595e-01 4.33101288e-01 8.19436132e-01 -4.91318986e-01
2.00000000e+01 9.87430183e-01 2.84023694e-01 8.61670787e-01 -8.02986395e-01
3.00000000e+01 9.78317880e-01 2.27967329e-01 8.71613648e-01 -9.11376138e-01
4.00000000e+01 9.68834562e-01 2.06125215e-01 8.69739211e-01 -9.45087014e-01
5.00000000e+01 9.59275963e-01 1.96875200e-01 8.63574940e-01 -9.51401339e-01
6.00000000e+01 9.49750209e-01 1.92267174e-01 8.55887967e-01 -9.47703168e-01
7.00000000e+01 9.40296452e-01 1.89377936e-01 8.47695161e-01 -9.40383628e-01
8.00000000e+01 9.30928489e-01 1.87132570e-01 8.39369865e-01 -9.31791998e-01
9.00000000e+01 9.21650802e-01 1.85135734e-01 8.31048816e-01 -9.22791464e-01
1.00000000e+02 9.12464454e-01 1.83241953e-01 8.22781759e-01 -9.13698814e-01
2.00000000e+02 8.25483663e-01 1.65748479e-01 7.44358659e-01 -8.26656509e-01
3.00000000e+02 7.46794005e-01 1.49948418e-01 6.73402285e-01 -7.47855052e-01
4.00000000e+02 6.75605480e-01 1.35654508e-01 6.09209864e-01 -6.76565382e-01
5.00000000e+02 6.11203038e-01 1.22723172e-01 5.51136618e-01 -6.12071437e-01
6.00000000e+02 5.52939792e-01 1.11024522e-01 4.98599235e-01 -5.53725411e-01
7.00000000e+02 5.00230521e-01 1.00441052e-01 4.51070005e-01 -5.00941249e-01
8.00000000e+02 4.52545787e-01 9.08664565e-02 4.08071523e-01 -4.53188765e-01
9.00000000e+02 4.09406626e-01 8.22045645e-02 3.69171894e-01 -4.09988312e-01
1.00000000e+03 3.70379727e-01 7.43683718e-02 3.33980392e-01 -3.70905964e-01
2.00000000e+03 1.36009929e-01 2.73093699e-02 1.22643455e-01 -1.36203172e-01
