# time_delay	fit_example_osc_1	fit_example_osc_2	fit_example_osc_3	fit_example_osc_4
-2.00000000e+00 0.00000000e+00 0.00000000e+00 0.00000000e+00 0.00000000e+00
-1.80000000e+00 0.00000000e+00 0.00000000e+00 0.00000000e+00 0.00000000e+00
-1.60000000e+00 2.33744668e-264 0.00000000e+00 4.00750145e-303 0.00000000e+00
-1.40000000e+00 2.58081526e-198 -9.18475598e-274 3.02369486e-232 -2.66667158e-254
-1.20000000e+00 6.85271742e-142 -7.79548900e-207 5.50048459e-171 -8.03067218e-190
-1.00000000e+00 4.41539534e-95 -1.61538404e-149 2.43766112e-119 -5.81788859e-135
-9.80000000e-01 6.27013334e-91 -2.57921836e-144 1.05476938e-114 -5.27071125e-130
-9.60000000e-01 7.13682813e-87 -3.30107949e-139 3.65840754e-110 -3.82673057e-125
-9.40000000e-01 6.51125009e-83 -3.38679955e-134 1.01715730e-105 -2.22662293e-120
-9.20000000e-01 4.76172398e-79 -2.78547555e-129 2.26703112e-101 -1.03831990e-115
-9.00000000e-01 2.79135757e-75 -1.83652531e-124 4.05053936e-97 -3.88049635e-111
-8.80000000e-01 1.31168516e-71 -9.70720638e-120 5.80186812e-93 -1.16230795e-106
-8.60000000e-01 4.94104587e-68 -4.11343115e-115 6.66249785e-89 -2.79022706e-102
-8.40000000e-01 1.49209506e-64 -1.39746359e-110 6.13389390e-85 -5.36845432e-98
-8.20000000e-01 3.61223986e-61 -3.80642826e-106 4.52774870e-81 -8.27861603e-94
-8.00000000e-01 7.01090976e-58 -8.31287492e-102 2.67974530e-77 -1.02322893e-89
-7.80000000e-01 1.09095365e-54 -1.45565325e-97 1.27171450e-73 -1.01368445e-85
-7.60000000e-01 1.36110014e-51 -2.04388062e-93 4.83940559e-70 -8.04927004e-82
-7.40000000e-01 1.36158535e-48 -2.30124637e-89 1.47680766e-66 -5.12322401e-78
-7.20000000e-01 1.09217303e-45 -2.07778786e-85 3.61418698e-63 -2.61380591e-74
-7.00000000e-01 7.02509710e-43 -1.50449875e-81 7.09381056e-60 -1.06894936e-70
-6.80000000e-01 3.62369820e-40 -8.73692744e-78 1.11676272e-56 -3.50433907e-67
-6.60000000e-01 1.49905368e-37 -4.06937300e-74 1.41022203e-53 -9.20942373e-64
-6.40000000e-01 4.97366948e-35 -1.52028778e-70 1.42855014e-50 -1.94021179e-60
-6.20000000e-01 1.32361912e-32 -4.55599868e-67 1.16097976e-47 -3.27695205e-57
-6.00000000e-01 2.82559772e-30 -1.09530062e-63 7.57040075e-45 -4.43721231e-54
-5.80000000e-01 4.83901524e-28 -2.11256620e-60 3.96119963e-42 -4.81709815e-51
-5.60000000e-01 6.64882530e-26 -3.26928672e-57 1.66342094e-39 -4.19288654e-48
-5.40000000e-01 7.33027395e-24 -4.05978777e-54 5.60667327e-37 -2.92625042e-45
-5.20000000e-01 6.48535172e-22 -4.04582578e-51 1.51706131e-34 -1.63757217e-42
-5.00000000e-01 4.60511724e-20 -3.23604735e-48 3.29587809e-32 -7.34854394e-40
-4.80000000e-01 2.62484109e-18 -2.07769466e-45 5.75034749e-30 -2.64445963e-37
-4.60000000e-01 1.20112396e-16 -1.07094884e-42 8.05875372e-28 -7.63188859e-35
-4.40000000e-01 4.41335359e-15 -4.43244420e-40 9.07405522e-26 -1.76649739e-32
-4.20000000e-01 1.30234360e-13 -1.47326246e-37 8.21143222e-24 -3.27950472e-30
-4.00000000e-01 3.08705281e-12 -3.93334817e-35 5.97396605e-22 -4.88369101e-28
-3.80000000e-01 5.87914464e-11 -8.43689897e-33 3.49540073e-20 -5.83398255e-26
-3.60000000e-01 8.99760490e-10 -1.45427115e-30 1.64555195e-18 -5.59105026e-24
-3.40000000e-01 1.10679759e-08 -2.01496172e-28 6.23631436e-17 -4.29901531e-22
-3.20000000e-01 1.09447661e-07 -2.24480633e-26 1.90373125e-15 -2.65233986e-20
-3.00000000e-01 8.70102237e-07 -2.01155075e-24 4.68436318e-14 -1.31314191e-18
-2.80000000e-01 5.56039447e-06 -1.45041800e-22 9.29878359e-13 -5.21738953e-17
-2.60000000e-01 2.85492275e-05 -8.41898841e-21 1.49061960e-11 -1.66374809e-15
-2.40000000e-01 1.17623237e-04 -3.93599665e-19 1.93194912e-10 -4.25834855e-14
-2.20000000e-01 3.87791527e-04 -1.48298207e-17 2.02743513e-09 -8.74838007e-13
-2.00000000e-01 1.01695036e-03 -4.50612855e-16 1.72581841e-08 -1.44257039e-11
-1.80000000e-01 2.09279329e-03 -1.10511766e-14 1.19424050e-07 -1.90905802e-10
-1.60000000e-01 3.26780316e-03 -2.18959193e-13 6.73617262e-07 -2.02700395e-09
-1.40000000e-01 3.48371825e-03 -3.50877603e-12 3.10755331e-06 -1.72585594e-08
-1.20000000e-01 1.26408125e-03 -4.55372913e-11 1.17739142e-05 -1.17711822e-07
-1.00000000e-01 -4.31185318e-03 -4.79396237e-10 3.68269711e-05 -6.41907003e-07
-8.00000000e-02 -1.26631441e-02 -4.10183782e-09 9.56997184e-05 -2.78876772e-06
-6.00000000e-02 -2.16829706e-02 -2.85916172e-08 2.08196612e-04 -9.58610958e-06
-4.00000000e-02 -2.86857210e-02 -1.62824261e-07 3.82571348e-04 -2.57008235e-05
-2.00000000e-02 -3.15455760e-02 -7.60224204e-07 5.99569381e-04 -5.19747496e-05
8.88178420e-16 -2.93364001e-02 -2.92260964e-06 8.08988550e-04 -7.17993999e-05
2.00000000e-02 -2.23863591e-02 -9.30001447e-06 9.46212598e-04 -3.79200639e-05
4.00000000e-02 -1.20031348e-02 -2.46511422e-05 9.59084156e-04 1.18208898e-04
6.00000000e-02 -8.82141144e-05 -5.48415346e-05 8.27784637e-04 4.42844093e-04
8.00000000e-02 1.12669495e-02 -1.03294375e-04 5.69022548e-04 9.08990644e-04
1.00000000e-01 2.01618890e-02 -1.66283418e-04 2.27920193e-04 1.40582205e-03
1.20000000e-01 2.52046118e-02 -2.30921187e-04 -1.35097617e-04 1.78333317e-03
1.40000000e-01 2.57242257e-02 -2.78648018e-04 -4.57644745e-04 1.91746027e-03
1.60000000e-01 2.18502548e-02 -2.92591879e-04 -6.86940912e-04 1.75273844e-03
1.80000000e-01 1.44521184e-02 -2.64136370e-04 -7.88539550e-04 1.30959292e-03
2.00000000e-01 4.95586227e-03 -1.95422967e-04 -7.51334628e-04 6.68445606e-04
2.20000000e-01 -4.92481564e-03 -9.78865514e-05 -5.88326984e-04 -5.46884734e-05
2.40000000e-01 -1.34934400e-02 1.12987834e-05 -3.33255845e-04 -7.33605120e-04
2.60000000e-01 -1.93580292e-02 1.13249346e-04 -3.38705861e-05 -1.25523626e-03
2.80000000e-01 -2.16528267e-02 1.91048981e-04 2.56852751e-04 -1.53858354e-03
3.00000000e-01 -2.01599906e-02 2.32657013e-04 4.89959655e-04 -1.54700184e-03
3.20000000e-01 -1.53153951e-02 2.32751130e-04 6.28637136e-04 -1.29229818e-03
3.40000000e-01 -8.10313509e-03 1.93314182e-04 6.53880867e-04 -8.30395156e-04
3.60000000e-01 1.37989577e-04 1.22946714e-04 5.66865157e-04 -2.49710211e-04
3.80000000e-01 7.95891074e-03 3.50879010e-05 3.87772025e-04 3.45424169e-04
4.00000000e-01 1.40516860e-02 -5.44996779e-05 1.51448698e-04 8.53244747e-04
4.20000000e-01 1.74648231e-02 -1.30518750e-04 -9.92163096e-05 1.19171558e-03
4.40000000e-01 1.77477040e-02 -1.80712778e-04 -3.20963806e-04 1.31150987e-03
4.60000000e-01 1.50029953e-02 -1.97801005e-04 -4.77528180e-04 1.20281198e-03
4.80000000e-01 9.84257557e-03 -1.80475337e-04 -5.45459429e-04 8.95082082e-04
5.00000000e-01 3.25910799e-03 -1.33334932e-04 -5.17488508e-04 4.50162254e-04
5.20000000e-01 -3.56086980e-03 -6.58207543e-05 -4.02982745e-04 -4.97848220e-05
5.40000000e-01 -9.44778119e-03 9.62083240e-06 -2.25554090e-04 -5.17207288e-04
5.60000000e-01 -1.34468152e-02 7.97964375e-05 -1.83634575e-05 -8.74291910e-04
5.80000000e-01 -1.49697354e-02 1.33042153e-04 1.81970503e-04 -1.06570969e-03
6.00000000e-01 -1.38771275e-02 1.61130717e-04 3.41756571e-04 -1.06692952e-03
6.20000000e-01 -1.04804665e-02 1.60503236e-04 4.35811562e-04 -8.86901337e-04
6.40000000e-01 -5.46751261e-03 1.32648808e-04 4.51327395e-04 -5.64924285e-04
6.60000000e-01 2.32602110e-04 8.36086002e-05 3.89450397e-04 -1.62511651e-04
6.80000000e-01 5.61878309e-03 2.27307659e-05 2.64414796e-04 2.48125024e-04
7.00000000e-01 9.79144671e-03 -3.90763089e-05 1.00495304e-04 5.96854199e-04
7.20000000e-01 1.21004032e-02 -9.12716165e-05 -7.25986941e-05 8.27434142e-04
7.40000000e-01 1.22432667e-02 -1.25453947e-04 -2.25030131e-04 9.06395358e-04
7.60000000e-01 1.03000625e-02 -1.36685587e-04 -3.31907427e-04 8.27628105e-04
7.80000000e-01 6.70122538e-03 -1.24164108e-04 -3.77273556e-04 6.12102734e-04
8.00000000e-01 2.13763172e-03 -9.11595427e-05 -3.56385762e-04 3.03004663e-04
8.20000000e-01 -2.56926657e-03 -4.42629882e-05 -2.75981076e-04 -4.26690461e-05
8.40000000e-01 -6.61323000e-03 7.89260569e-06 -1.52579517e-04 -3.64454074e-04
8.60000000e-01 -9.33941720e-03 5.61968170e-05 -9.20761003e-06 -6.08854010e-04
8.80000000e-01 -1.03483030e-02 9.26318999e-05 1.28825309e-04 -7.38089811e-04
9.00000000e-01 -9.55123502e-03 1.11581775e-04 2.38335106e-04 -7.35758839e-04
9.20000000e-01 -7.17052152e-03 1.10670144e-04 3.02097737e-04 -6.08591241e-04
9.40000000e-01 -3.68670746e-03 9.10080556e-05 3.11487335e-04 -3.84193284e-04
9.60000000e-01 2.55466181e-04 5.68373296e-05 2.67527123e-04 -1.05354090e-04
9.80000000e-01 3.96445946e-03 1.46594644e-05 1.80251092e-04 1.77951925e-04
1.00000000e+00 6.82162611e-03 -2.79772595e-05 6.65661737e-05 4.17397798e-04
1.20000000e+00 -6.57309390e-03 7.72611568e-05 1.66178711e-04 -5.07329314e-04
1.40000000e+00 9.11262293e-04 -4.25839873e-05 -1.68972285e-04 1.36951107e-04
1.60000000e+00 3.30935328e-03 -1.42848085e-05 2.90317117e-05 2.03979595e-04
1.80000000e+00 -3.11200329e-03 3.70302842e-05 8.07430243e-05 -2.41136202e-04
2.00000000e+00 3.82784037e-04 -1.98753395e-05 -8.00785917e-05 6.16817285e-05
2.20000000e+00 1.60436858e-03 -7.25938731e-06 1.25446302e-05 9.95873247e-05
2.40000000e+00 -1.47267582e-03 1.77405714e-05 3.92028469e-05 -1.14564951e-04
2.60000000e+00 1.57758229e-04 -9.26808537e-06 -3.79332996e-05 2.76717125e-05
2.80000000e+00 7.77285024e-04 -3.67388124e-06 5.35946460e-06 4.85759337e-05
3.00000000e+00 -6.96574978e-04 8.49560772e-06 1.90205972e-05 -5.44072193e-05
3.20000000e+00 6.33739389e-05 -4.31771957e-06 -1.79607831e-05 1.23588991e-05
3.40000000e+00 3.76339897e-04 -1.85246887e-06 2.25756360e-06 2.36731153e-05
3.60000000e+00 -3.29320402e-04 4.06667057e-06 9.22220603e-06 -2.58270625e-05
3.80000000e+00 2.45507525e-05 -2.00949904e-06 -8.50016498e-06 5.49179613e-06
4.00000000e+00 1.82100905e-04 -9.30990893e-07 9.33815956e-07 1.15271740e-05
4.20000000e+00 -1.55616499e-04 1.94581913e-06 4.46847237e-06 -1.22547760e-05
4.40000000e+00 8.99671108e-06 -9.34261165e-07 -4.02090326e-06 2.42606226e-06
4.60000000e+00 8.80609453e-05 -4.66498809e-07 3.77004607e-07 5.60838998e-06
4.80000000e+00 -7.34978754e-05 9.30649104e-07 2.16374314e-06 -5.81226745e-06
5.00000000e+00 2.99485308e-06 -4.33882338e-07 -1.90112457e-06 1.06443168e-06
6.00000000e+00 -1.63697317e-05 2.12626096e-07 5.06405238e-07 -1.30570924e-06
7.00000000e+00 4.78845372e-06 -2.86916828e-08 5.27596331e-09 3.11914828e-07
8.00000000e+00 -8.64190806e-08 -9.19845504e-09 -4.45823947e-08 1.46786908e-08
9.00000000e+00 -3.79573204e-07 5.26732395e-09 1.32855261e-08 -3.09806163e-08
1.00000000e+01 1.24253723e-07 -8.42252316e-10 -3.10625068e-10 8.29804892e-09
2.00000000e+01 -2.62011554e-13 -8.74589505e-16 -1.14812505e-14 -1.19578663e-14
3.00000000e+01 -6.53306566e-19 2.20695031e-20 8.24051534e-20 -8.05013957e-20
4.00000000e+01 9.40276079e-24 -1.30009275e-25 -3.26944698e-25 7.66462073e-25
5.00000000e+01 -4.99757475e-29 4.39501553e-31 5.86193976e-31 -3.54809507e-30
6.00000000e+01 1.51211548e-34 -4.16928176e-37 2.40605204e-36 8.82747696e-36
7.00000000e+01 -4.22440794e-41 -5.70403546e-42 -2.73221529e-41 9.69929953e-42
8.00000000e+01 -2.63602259e-45 4.60061480e-47 1.35422887e-46 -2.34852713e-46
9.00000000e+01 1.83588170e-50 -1.96148035e-52 -3.74197252e-52 1.37592502e-51
1.00000000e+02 -7.13315059e-56 4.17896934e-58 -1.22138992e-58 -4.62658114e-57
2.00000000e+02 -4.87144700e-110 -8.88170092e-112 -5.45673044e-111 -7.06769600e-112
3.00000000e+02 3.33310074e-163 -6.19475427e-165 -1.88520625e-164 3.04848826e-164
4.00000000e+02 1.55268922e-216 -1.60493485e-218 -2.91760810e-218 1.15240068e-217
5.00000000e+02 3.23220756e-270 -1.37747693e-272 2.91655422e-272 1.98854510e-271
6.00000000e+02 0.00000000e+00 0.00000000e+00 0.00000000e+00 0.00000000e+00
7.00000000e+02 0.00000000e+00 0.00000000e+00 0.00000000e+00 0.00000000e+00
8.00000000e+02 0.00000000e+00 0.00000000e+00 0.00000000e+00 0.00000000e+00
9.00000000e+02 0.00000000e+00 0.00000000e+00 0.00000000e+00 0.00000000e+00
1.00000000e+03 0.00000000e+00 0.00000000e+00 0.00000000e+00 0.00000000e+00
2.00000000e+03 0.00000000e+00 0.00000000e+00 0.00000000e+00 0.00000000e+00
