# time_delay	fit_example_osc_1	fit_example_osc_2	fit_example_osc_3	fit_example_osc_4
-2.00000000e+00 0.00000000e+00 0.00000000e+00 0.00000000e+00 0.00000000e+00
-1.80000000e+00 0.00000000e+00 0.00000000e+00 0.00000000e+00 0.00000000e+00
-1.60000000e+00 6.32121482e-263 0.00000000e+00 -5.44698911e-300 0.00000000e+00
-1.40000000e+00 7.01115078e-197 1.28243460e-269 -4.05026457e-229 9.20384052e-252
-1.20000000e+00 1.87341171e-140 1.03672729e-202 -7.22791216e-168 2.79045624e-187
-1.00000000e+00 1.21839868e-93 2.01782443e-145 -3.11989461e-116 2.04071524e-132
-9.80000000e-01 1.73224998e-89 3.19843202e-140 -1.34567534e-111 1.85091896e-127
-9.60000000e-01 1.97414356e-85 4.06305377e-135 -4.65197599e-107 1.34545160e-122
-9.40000000e-01 1.80345492e-81 4.13652356e-130 -1.28895977e-102 7.83846542e-118
-9.20000000e-01 1.32069471e-77 3.37514196e-125 -2.86255891e-98 3.66001882e-113
-9.00000000e-01 7.75324114e-74 2.20713391e-120 -5.09555709e-94 1.36972174e-108
-8.80000000e-01 3.64890014e-70 1.15678407e-115 -7.27043995e-90 4.10852621e-104
-8.60000000e-01 1.37674575e-66 4.85926070e-111 -8.31518215e-86 9.87763329e-100
-8.40000000e-01 4.16461702e-63 1.63602581e-106 -7.62317525e-82 1.90345168e-95
-8.20000000e-01 1.01005218e-59 4.41489539e-102 -5.60228120e-78 2.94010301e-91
-8.00000000e-01 1.96417127e-56 9.54926210e-98 -3.30043701e-74 3.64019996e-87
-7.80000000e-01 3.06268826e-53 1.65557074e-93 -1.55872386e-70 3.61277524e-83
-7.60000000e-01 3.82945647e-50 2.30072258e-89 -5.90164146e-67 2.87422960e-79
-7.40000000e-01 3.83979060e-47 2.56289083e-85 -1.79142345e-63 1.83307173e-75
-7.20000000e-01 3.08774614e-44 2.28853119e-81 -4.35976098e-60 9.37192054e-72
-7.00000000e-01 1.99145090e-41 1.63816189e-77 -8.50716298e-57 3.84134737e-68
-6.80000000e-01 1.03020825e-38 9.40033607e-74 -1.33102051e-53 1.26229337e-64
-6.60000000e-01 4.27508582e-36 4.32444989e-70 -1.66987805e-50 3.32564556e-61
-6.40000000e-01 1.42321367e-33 1.59490485e-66 -1.67999851e-47 7.02504661e-58
-6.20000000e-01 3.80142616e-31 4.71597901e-63 -1.35545026e-44 1.18987222e-54
-6.00000000e-01 8.14751816e-29 1.11804758e-59 -8.77077203e-42 1.61603738e-51
-5.80000000e-01 1.40140562e-26 2.12529770e-56 -4.55201349e-39 1.76005631e-48
-5.60000000e-01 1.93475894e-24 3.23945383e-53 -1.89502963e-36 1.53727735e-45
-5.40000000e-01 2.14431074e-22 3.95949492e-50 -6.32869693e-34 1.07685544e-42
-5.20000000e-01 1.90822671e-20 3.88105140e-47 -1.69567210e-31 6.05026001e-40
-5.00000000e-01 1.36379555e-18 3.05090532e-44 -3.64541713e-29 2.72670030e-37
-4.80000000e-01 7.82989225e-17 1.92357329e-41 -6.28904506e-27 9.85794987e-35
-4.60000000e-01 3.61224520e-15 9.72799981e-39 -8.70794039e-25 2.85933550e-32
-4.40000000e-01 1.33956141e-13 3.94648962e-36 -9.67851147e-23 6.65459253e-30
-4.20000000e-01 3.99472853e-12 1.28443740e-33 -8.63659539e-21 1.24282517e-27
-4.00000000e-01 9.58426809e-11 3.35410209e-31 -6.18880930e-19 1.86291069e-25
-3.80000000e-01 1.85108447e-09 7.02834912e-29 -3.56209156e-17 2.24148913e-23
-3.60000000e-01 2.87997917e-08 1.18196041e-26 -1.64723448e-15 2.16532178e-21
-3.40000000e-01 3.61255733e-07 1.59548049e-24 -6.12204385e-14 1.67972901e-19
-3.20000000e-01 3.65725254e-06 1.72899746e-22 -1.82932179e-12 1.04662250e-17
-3.00000000e-01 2.99209746e-05 1.50451792e-20 -4.39670852e-11 5.23955159e-16
-2.80000000e-01 1.98150019e-04 1.05147501e-18 -8.50426537e-10 2.10809409e-14
-2.60000000e-01 1.06446643e-03 5.90354162e-17 -1.32461921e-08 6.81930457e-13
-2.40000000e-01 4.65149568e-03 2.66360686e-15 -1.66273258e-07 1.77433747e-11
-2.20000000e-01 1.65947714e-02 9.66107428e-14 -1.68359733e-06 3.71541113e-10
-2.00000000e-01 4.85751755e-02 2.81812254e-12 -1.37671570e-05 6.26508175e-09
-1.80000000e-01 1.17448606e-01 6.61437558e-11 -9.10492781e-05 8.51391784e-08
-1.60000000e-01 2.36752530e-01 1.24988613e-09 -4.87916775e-04 9.33307493e-07
-1.40000000e-01 4.02983778e-01 1.90290460e-08 -2.12373653e-03 8.26269882e-06
-1.20000000e-01 5.89293570e-01 2.33620334e-07 -7.53212831e-03 5.91646503e-05
-1.00000000e-01 7.57259909e-01 2.31539030e-06 -2.18590103e-02 3.43292968e-04
-8.00000000e-02 8.79061749e-01 1.85502792e-05 -5.22051963e-02 1.61804770e-03
-6.00000000e-02 9.50097809e-01 1.20349003e-04 -1.03404822e-01 6.21496753e-03
-4.00000000e-02 9.83406447e-01 6.33681913e-04 -1.71682356e-01 1.95377782e-02
-2.00000000e-02 9.95950458e-01 2.71586273e-03 -2.42398068e-01 5.05629079e-02
8.88178420e-16 9.99729064e-01 9.51133020e-03 -2.96637030e-01 1.08587452e-01
2.00000000e-02 1.00062126e+00 2.73621262e-02 -3.22235442e-01 1.95657807e-01
4.00000000e-02 1.00076549e+00 6.51243962e-02 -3.19298832e-01 3.00278936e-01
6.00000000e-02 1.00075699e+00 1.29508781e-01 -2.96495708e-01 4.00492819e-01
8.00000000e-02 1.00072460e+00 2.18114059e-01 -2.63717788e-01 4.76179932e-01
1.00000000e-01 1.00069020e+00 3.16815021e-01 -2.27662497e-01 5.19834159e-01
1.20000000e-01 1.00065667e+00 4.06339119e-01 -1.91517933e-01 5.36812685e-01
1.40000000e-01 1.00062429e+00 4.73346025e-01 -1.56394883e-01 5.37694604e-01
1.60000000e-01 1.00059302e+00 5.16054922e-01 -1.22560615e-01 5.31285008e-01
1.80000000e-01 1.00056283e+00 5.40950466e-01 -9.00308941e-02 5.22437507e-01
2.00000000e-01 1.00053368e+00 5.56050903e-01 -5.87656633e-02 5.13102340e-01
2.20000000e-01 1.00050551e+00 5.66861847e-01 -2.87166543e-02 5.03869136e-01
2.40000000e-01 1.00047829e+00 5.76019101e-01 1.63857913e-04 4.94869707e-01
2.60000000e-01 1.00045199e+00 5.84468278e-01 2.79218662e-02 4.86120291e-01
2.80000000e-01 1.00042656e+00 5.92477560e-01 5.46015642e-02 4.77614944e-01
3.00000000e-01 1.00040197e+00 6.00115307e-01 8.02454055e-02 4.69344683e-01
3.20000000e-01 1.00037818e+00 6.07404731e-01 1.04894171e-01 4.61300486e-01
3.40000000e-01 1.00035516e+00 6.14360762e-01 1.28587035e-01 4.53473650e-01
3.60000000e-01 1.00033289e+00 6.20996744e-01 1.51361628e-01 4.45855812e-01
3.80000000e-01 1.00031132e+00 6.27325389e-01 1.73254098e-01 4.38438937e-01
4.00000000e-01 1.00029044e+00 6.33358897e-01 1.94299170e-01 4.31215309e-01
4.20000000e-01 1.00027020e+00 6.39108989e-01 2.14530199e-01 4.24177511e-01
4.40000000e-01 1.00025060e+00 6.44586922e-01 2.33979227e-01 4.17318422e-01
4.60000000e-01 1.00023159e+00 6.49803509e-01 2.52677033e-01 4.10631198e-01
4.80000000e-01 1.00021315e+00 6.54769140e-01 2.70653184e-01 4.04109268e-01
5.00000000e-01 1.00019527e+00 6.59493791e-01 2.87936083e-01 3.97746314e-01
5.20000000e-01 1.00017791e+00 6.63987048e-01 3.04553011e-01 3.91536273e-01
5.40000000e-01 1.00016107e+00 6.68258118e-01 3.20530177e-01 3.85473315e-01
5.60000000e-01 1.00014470e+00 6.72315845e-01 3.35892756e-01 3.79551843e-01
5.80000000e-01 1.00012880e+00 6.76168725e-01 3.50664933e-01 3.73766478e-01
6.00000000e-01 1.00011334e+00 6.79824919e-01 3.64869937e-01 3.68112054e-01
6.20000000e-01 1.00009831e+00 6.83292264e-01 3.78530084e-01 3.62583606e-01
6.40000000e-01 1.00008369e+00 6.86578291e-01 3.91666811e-01 3.57176367e-01
6.60000000e-01 1.00006946e+00 6.89690234e-01 4.04300710e-01 3.51885755e-01
6.80000000e-01 1.00005561e+00 6.92635039e-01 4.16451561e-01 3.46707369e-01
7.00000000e-01 1.00004211e+00 6.95419382e-01 4.28138365e-01 3.41636983e-01
7.20000000e-01 1.00002895e+00 6.98049672e-01 4.39379376e-01 3.36670534e-01
7.40000000e-01 1.00001613e+00 7.00532067e-01 4.50192126e-01 3.31804120e-01
7.60000000e-01 1.00000361e+00 7.02872484e-01 4.60593459e-01 3.27033993e-01
7.80000000e-01 9.99991400e-01 7.05076603e-01 4.70599554e-01 3.22356550e-01
8.00000000e-01 9.99979475e-01 7.07149883e-01 4.80225954e-01 3.17768334e-01
8.20000000e-01 9.99967826e-01 7.09097567e-01 4.89487586e-01 3.13266019e-01
8.40000000e-01 9.99956439e-01 7.10924691e-01 4.98398794e-01 3.08846412e-01
8.60000000e-01 9.99945303e-01 7.12636091e-01 5.06973353e-01 3.04506446e-01
8.80000000e-01 9.99934408e-01 7.14236415e-01 5.15224497e-01 3.00243173e-01
9.00000000e-01 9.99923743e-01 7.15730126e-01 5.23164938e-01 2.96053761e-01
9.20000000e-01 9.99913297e-01 7.17121511e-01 5.30806889e-01 2.91935490e-01
9.40000000e-01 9.99903061e-01 7.18414689e-01 5.38162079e-01 2.87885747e-01
9.60000000e-01 9.99893026e-01 7.19613615e-01 5.45241776e-01 2.83902020e-01
9.80000000e-01 9.99883181e-01 7.20722089e-01 5.52056806e-01 2.79981897e-01
1.00000000e+00 9.99873519e-01 7.21743761e-01 5.58617567e-01 2.76123060e-01
1.20000000e+00 9.99785250e-01 7.27893339e-01 6.12254736e-01 2.40456153e-01
1.40000000e+00 9.99707848e-01 7.28465027e-01 6.49306406e-01 2.08944733e-01
1.60000000e+00 9.99636772e-01 7.25375036e-01 6.75238074e-01 1.80366208e-01
1.80000000e+00 9.99568999e-01 7.19903922e-01 6.93706634e-01 1.53899634e-01
2.00000000e+00 9.99502528e-01 7.12907017e-01 7.07159012e-01 1.28992833e-01
2.20000000e+00 9.99436037e-01 7.04955205e-01 7.17232659e-01 1.05273490e-01
2.40000000e+00 9.99368662e-01 6.96429104e-01 7.25023484e-01 8.24896723e-02
2.60000000e+00 9.99299840e-01 6.87582064e-01 7.31265091e-01 6.04700428e-02
2.80000000e+00 9.99229212e-01 6.78582327e-01 7.36448697e-01 3.90972359e-02
3.00000000e+00 9.99156556e-01 6.69541215e-01 7.40903353e-01 1.82900477e-02
3.20000000e+00 9.99081738e-01 6.60532000e-01 7.44849613e-01 -2.00847993e-03
3.40000000e+00 9.99004687e-01 6.51602519e-01 7.48435436e-01 -2.18390331e-02
3.60000000e+00 9.98925369e-01 6.42783619e-01 7.51760213e-01 -4.12313607e-02
3.80000000e+00 9.98843778e-01 6.34094802e-01 7.54890827e-01 -6.02078442e-02
4.00000000e+00 9.98759926e-01 6.25548004e-01 7.57872414e-01 -7.87858877e-02
4.20000000e+00 9.98673834e-01 6.17150120e-01 7.60735545e-01 -9.69795168e-02
4.40000000e+00 9.98585532e-01 6.08904695e-01 7.63501046e-01 -1.14800450e-01
4.60000000e+00 9.98495055e-01 6.00813055e-01 7.66183214e-01 -1.32258816e-01
4.80000000e+00 9.98402439e-01 5.92875059e-01 7.68791971e-01 -1.49363634e-01
5.00000000e+00 9.98307722e-01 5.85089608e-01 7.71334304e-01 -1.66123138e-01
6.00000000e+00 9.97804012e-01 5.48379245e-01 7.83186995e-01 -2.44996200e-01
7.00000000e+00 9.97253619e-01 5.15133746e-01 7.93793368e-01 -3.16257583e-01
8.00000000e+00 9.96661058e-01 4.85033106e-01 8.03300259e-01 -3.80638342e-01
9.00000000e+00 9.96030436e-01 4.57779237e-01 8.11816201e-01 -4.38794525e-01
1.00000000e+01 9.95365471e-01 4.33101289e-01 8.19436132e-01 -4.91318994e-01
2.00000000e+01 9.87430183e-01 2.84023694e-01 8.61670787e-01 -8.02986395e-01
3.00000000e+01 9.78317880e-01 2.27967329e-01 8.71613648e-01 -9.11376138e-01
4.00000000e+01 9.68834562e-01 2.06125215e-01 8.69739211e-01 -9.45087014e-01
5.00000000e+01 9.59275963e-01 1.96875200e-01 8.63574940e-01 -9.51401339e-01
6.00000000e+01 9.49750209e-01 1.92267174e-01 8.55887967e-01 -9.47703168e-01
7.00000000e+01 9.40296452e-01 1.89377936e-01 8.47695161e-01 -9.40383628e-01
8.00000000e+01 9.30928489e-01 1.87132570e-01 8.39369865e-01 -9.31791998e-01
9.00000000e+01 9.21650802e-01 1.85135734e-01 8.31048816e-01 -9.22791464e-01
1.00000000e+02 9.12464454e-01 1.83241953e-01 8.22781759e-01 -9.13698814e-01
2.00000000e+02 8.25483663e-01 1.65748479e-01 7.44358659e-01 -8.26656509e-01
3.00000000e+02 7.46794005e-01 1.49948418e-01 6.73402285e-01 -7.47855052e-01
4.00000000e+02 6.75605480e-01 1.35654508e-01 6.09209864e-01 -6.76565382e-01
5.00000000e+02 6.11203038e-01 1.22723172e-01 5.51136618e-01 -6.12071437e-01
6.00000000e+02 5.52939792e-01 1.11024522e-01 4.98599235e-01 -5.53725411e-01
7.00000000e+02 5.00230521e-01 1.00441052e-01 4.51070005e-01 -5.00941249e-01
8.00000000e+02 4.52545787e-01 9.08664565e-02 4.08071523e-01 -4.53188765e-01
9.00000000e+02 4.09406626e-01 8.22045645e-02 3.69171894e-01 -4.09988312e-01
1.00000000e+03 3.70379727e-01 7.43683718e-02 3.33980392e-01 -3.70905964e-01
2.00000000e+03 1.36009929e-01 2.73093699e-02 1.22643455e-01 -1.36203172e-01
