8.525000000000000000e+02 2.638369624167429678e-02 1.000000000000000021e-02
8.527500000000000000e+02 2.419733017875611708e-02 1.000000000000000021e-02
8.530000000000000000e+02 1.897307657093014535e-02 1.000000000000000021e-02
8.532500000000000000e+02 2.216862259701371518e-02 1.000000000000000021e-02
8.535000000000000000e+02 3.187339150194286319e-02 1.000000000000000021e-02
8.537500000000000000e+02 2.397843013430671355e-02 1.000000000000000021e-02
8.540000000000000000e+02 4.209310661746841487e-02 1.000000000000000021e-02
8.542500000000000000e+02 6.124617610966012066e-02 1.000000000000000021e-02
8.545000000000000000e+02 6.191705329909250738e-02 1.000000000000000021e-02
8.547500000000000000e+02 5.910880399430446658e-02 1.000000000000000021e-02
8.550000000000000000e+02 7.791624474775904474e-02 1.000000000000000021e-02
8.552500000000000000e+02 1.033794220046601042e-01 1.000000000000000021e-02
8.555000000000000000e+02 1.120232573788798036e-01 1.000000000000000021e-02
8.557500000000000000e+02 1.379446767090617976e-01 1.000000000000000021e-02
8.560000000000000000e+02 1.547015867580130433e-01 1.000000000000000021e-02
8.562500000000000000e+02 2.003424340738796106e-01 1.000000000000000021e-02
8.565000000000000000e+02 2.647584668601550839e-01 1.000000000000000021e-02
8.567500000000000000e+02 4.002551829877720735e-01 1.000000000000000021e-02
8.570000000000000000e+02 6.542599499433632282e-01 1.000000000000000021e-02
8.572500000000000000e+02 1.197415955024911050e+00 1.000000000000000021e-02
8.575000000000000000e+02 2.518974818931911663e+00 1.000000000000000021e-02
8.577500000000000000e+02 5.094901285602817076e+00 1.000000000000000021e-02
8.580000000000000000e+02 6.354857860458346330e+00 1.000000000000000021e-02
8.582500000000000000e+02 5.011979258003886883e+00 1.000000000000000021e-02
8.585000000000000000e+02 4.051401350890931674e+00 1.000000000000000021e-02
8.587500000000000000e+02 2.510855259518798288e+00 1.000000000000000021e-02
8.590000000000000000e+02 1.290468261354604795e+00 1.000000000000000021e-02
8.592500000000000000e+02 8.345215546913591353e-01 1.000000000000000021e-02
8.595000000000000000e+02 7.058645908761894683e-01 1.000000000000000021e-02
8.597500000000000000e+02 7.183781417012969905e-01 1.000000000000000021e-02
8.600000000000000000e+02 8.402104620496355647e-01 1.000000000000000021e-02
8.602500000000000000e+02 1.015884505957030948e+00 1.000000000000000021e-02
8.605000000000000000e+02 1.099245591502658659e+00 1.000000000000000021e-02
8.607500000000000000e+02 8.949413197456193014e-01 1.000000000000000021e-02
8.610000000000000000e+02 7.038058008032139767e-01 1.000000000000000021e-02
8.612500000000000000e+02 6.894507245135887974e-01 1.000000000000000021e-02
8.615000000000000000e+02 6.840403338543532552e-01 1.000000000000000021e-02
8.617500000000000000e+02 6.834395004268800644e-01 1.000000000000000021e-02
8.620000000000000000e+02 7.506124553183531889e-01 1.000000000000000021e-02
8.622500000000000000e+02 8.414574744680571872e-01 1.000000000000000021e-02
8.625000000000000000e+02 9.108800623628834359e-01 1.000000000000000021e-02
8.627500000000000000e+02 9.639988827109848835e-01 1.000000000000000021e-02
8.630000000000000000e+02 9.863445107095998310e-01 1.000000000000000021e-02
8.632500000000000000e+02 1.029994563845831435e+00 1.000000000000000021e-02
8.635000000000000000e+02 1.042399226827178449e+00 1.000000000000000021e-02
8.637500000000000000e+02 1.037679439569033413e+00 1.000000000000000021e-02
8.640000000000000000e+02 1.029226209335333708e+00 1.000000000000000021e-02
8.642500000000000000e+02 1.033882619657078283e+00 1.000000000000000021e-02
8.645000000000000000e+02 1.022575968761216814e+00 1.000000000000000021e-02
8.647500000000000000e+02 1.050780017767214192e+00 1.000000000000000021e-02
8.650000000000000000e+02 1.008060141902856088e+00 1.000000000000000021e-02
