-2.000000000000000000e+00 -1.004045294540155354e-03 1.203003673042266942e-02
-1.899999999999999911e+00 -1.235335900937758156e-02 1.203003673042266942e-02
-1.799999999999999822e+00 5.027742727367137850e-03 1.203003673042266942e-02
-1.699999999999999734e+00 2.707560702894572322e-03 1.203003673042266942e-02
-1.599999999999999645e+00 -1.736205223308618555e-03 1.203003673042266942e-02
-1.499999999999999556e+00 1.786252380125930364e-02 1.203003673042266942e-02
-1.399999999999999467e+00 1.292718911979556969e-02 1.203003673042266942e-02
-1.299999999999999378e+00 -1.787319813288591904e-04 1.203003673042266942e-02
-1.199999999999999289e+00 -2.388204317964643178e-02 1.203003673042266942e-02
-1.099999999999999201e+00 1.494113717943671782e-03 1.203003673042266942e-02
-1.000000000000000000e+00 -2.001131081654594981e-02 1.203003673042266942e-02
-9.499999999999999556e-01 -5.316280188298410335e-03 1.203003673042266942e-02
-8.999999999999999112e-01 1.940832089644344699e-02 1.203003673042266942e-02
-8.499999999999998668e-01 3.622170047871439008e-02 1.203003673042266942e-02
-7.999999999999998224e-01 -1.408497778453399532e-02 1.203003673042266942e-02
-7.499999999999997780e-01 -4.257959460023411254e-03 1.203003673042266942e-02
-6.999999999999997335e-01 -1.558835097975029733e-02 1.203003673042266942e-02
-6.499999999999996891e-01 2.881361365337953284e-03 1.203003673042266942e-02
-5.999999999999996447e-01 -2.549396041888019743e-03 1.203003673042266942e-02
-5.499999999999996003e-01 4.623258261070081233e-03 1.203003673042266942e-02
-4.999999999999995559e-01 2.031272137507224990e-02 1.203003673042266942e-02
-4.499999999999995115e-01 1.237928935515106126e-02 1.203003673042266942e-02
-3.999999999999994671e-01 5.870565420228632605e-03 1.203003673042266942e-02
-3.499999999999994227e-01 -2.967644352531083503e-03 1.203003673042266942e-02
-2.999999999999993783e-01 -6.053503419050626673e-03 1.203003673042266942e-02
-2.499999999999993339e-01 -5.565803227039391871e-03 1.203003673042266942e-02
-1.999999999999992895e-01 4.395377819929289511e-04 1.203003673042266942e-02
-1.499999999999992450e-01 4.537888416308026585e-03 1.203003673042266942e-02
-9.999999999999920064e-02 6.899420396702792436e-04 1.203003673042266942e-02
-4.999999999999915623e-02 1.493100660647492077e-02 1.203003673042266942e-02
8.881784197001252323e-16 -3.294071972414505667e-03 1.203003673042266942e-02
5.000000000000093259e-02 1.056837642744318240e-02 1.203003673042266942e-02
1.000000000000009770e-01 -1.215926424806162975e-02 1.203003673042266942e-02
1.500000000000010214e-01 5.461262884600581735e-03 1.203003673042266942e-02
2.000000000000010658e-01 -2.138533048054513941e-02 1.203003673042266942e-02
2.500000000000011102e-01 1.360694406198342810e-02 1.203003673042266942e-02
3.000000000000011546e-01 -2.958992029927276501e-03 1.203003673042266942e-02
3.500000000000011990e-01 2.105137781905924710e-02 1.203003673042266942e-02
4.000000000000012434e-01 -1.438642479534085750e-02 1.203003673042266942e-02
4.500000000000012879e-01 1.235542045689680402e-02 1.203003673042266942e-02
5.000000000000013323e-01 -2.524324092767427086e-03 1.203003673042266942e-02
5.500000000000013767e-01 -1.334017756815392142e-02 1.203003673042266942e-02
6.000000000000014211e-01 4.393486323623796430e-03 1.203003673042266942e-02
6.500000000000014655e-01 -1.688675281196272415e-02 1.203003673042266942e-02
7.000000000000015099e-01 3.564707304747505301e-03 1.203003673042266942e-02
7.500000000000015543e-01 -1.664026741814483845e-03 1.203003673042266942e-02
8.000000000000015987e-01 2.682261715198919205e-04 1.203003673042266942e-02
8.500000000000016431e-01 7.762777160876421778e-03 1.203003673042266942e-02
9.000000000000016875e-01 1.202886439224670756e-02 1.203003673042266942e-02
9.500000000000017319e-01 3.541974467048847330e-03 1.203003673042266942e-02
1.000000000000000000e+00 -6.450671080743597408e-03 1.203003673042266942e-02
2.000000000000000000e+00 -5.000279925114758939e-03 1.203003673042266942e-02
3.000000000000000000e+00 -1.450413400061023594e-03 1.203003673042266942e-02
4.000000000000000000e+00 7.613055309738103738e-03 1.203003673042266942e-02
5.000000000000000000e+00 1.900423469602433024e-02 1.203003673042266942e-02
6.000000000000000000e+00 6.676648378186295085e-03 1.203003673042266942e-02
7.000000000000000000e+00 -1.695663881416750729e-02 1.203003673042266942e-02
8.000000000000000000e+00 -1.304293945675763511e-02 1.203003673042266942e-02
9.000000000000000000e+00 -8.446858553329800179e-03 1.203003673042266942e-02
1.000000000000000000e+01 1.366472738785975971e-02 1.203003673042266942e-02
2.000000000000000000e+01 -9.896249290084063732e-04 1.203003673042266942e-02
3.000000000000000000e+01 -2.397355398852915598e-02 1.203003673042266942e-02
4.000000000000000000e+01 2.074027307972669404e-02 1.203003673042266942e-02
5.000000000000000000e+01 8.070792355556504621e-03 1.203003673042266942e-02
6.000000000000000000e+01 3.380842980946178675e-03 1.203003673042266942e-02
7.000000000000000000e+01 2.875115513395806038e-03 1.203003673042266942e-02
8.000000000000000000e+01 -1.371419217649931521e-03 1.203003673042266942e-02
9.000000000000000000e+01 -1.037435818938072657e-02 1.203003673042266942e-02
1.000000000000000000e+02 -4.338334311182481806e-03 1.203003673042266942e-02
2.000000000000000000e+02 1.527485558792068820e-02 1.203003673042266942e-02
3.000000000000000000e+02 -1.639763002162829275e-02 1.203003673042266942e-02
4.000000000000000000e+02 -1.097842314832585264e-02 1.203003673042266942e-02
5.000000000000000000e+02 -1.073103274031933507e-02 1.203003673042266942e-02
6.000000000000000000e+02 2.141571470867394134e-02 1.203003673042266942e-02
7.000000000000000000e+02 1.413800351104447378e-02 1.203003673042266942e-02
8.000000000000000000e+02 -1.830614288661568112e-03 1.203003673042266942e-02
9.000000000000000000e+02 5.708253965645782024e-03 1.203003673042266942e-02
1.000000000000000000e+03 1.954073281816861435e-02 1.203003673042266942e-02
1.100000000000000000e+03 -2.654803172556129826e-03 1.203003673042266942e-02
1.200000000000000000e+03 2.009979200311436121e-03 1.203003673042266942e-02
1.300000000000000000e+03 -2.073488728372107140e-02 1.203003673042266942e-02
1.400000000000000000e+03 -9.801160675110290321e-03 1.203003673042266942e-02
