-2.000000000000000000e+00 -1.379091105340028711e-02 1.203504375925353378e-02
-1.899999999999999911e+00 -2.464410164725472623e-03 1.203504375925353378e-02
-1.799999999999999822e+00 1.709728314989158310e-02 1.203504375925353378e-02
-1.699999999999999734e+00 -2.012283040621104524e-02 1.203504375925353378e-02
-1.599999999999999645e+00 1.450979626369523941e-02 1.203504375925353378e-02
-1.499999999999999556e+00 5.731077787093121802e-03 1.203504375925353378e-02
-1.399999999999999467e+00 -2.555528064145478478e-03 1.203504375925353378e-02
-1.299999999999999378e+00 1.088304201638616922e-02 1.203504375925353378e-02
-1.199999999999999289e+00 9.180458560506277524e-03 1.203504375925353378e-02
-1.099999999999999201e+00 3.617508329080621008e-03 1.203504375925353378e-02
-1.000000000000000000e+00 -5.196804387110434166e-03 1.203504375925353378e-02
-9.499999999999999556e-01 1.714551142672030362e-02 1.203504375925353378e-02
-8.999999999999999112e-01 9.823740924376557146e-03 1.203504375925353378e-02
-8.499999999999998668e-01 -1.879016864203082726e-02 1.203504375925353378e-02
-7.999999999999998224e-01 6.924641989430753951e-03 1.203504375925353378e-02
-7.499999999999997780e-01 2.509586637062627325e-03 1.203504375925353378e-02
-6.999999999999997335e-01 8.782344644959102706e-03 1.203504375925353378e-02
-6.499999999999996891e-01 -1.732903720002177891e-02 1.203504375925353378e-02
-5.999999999999996447e-01 -1.700195985525998141e-02 1.203504375925353378e-02
-5.499999999999996003e-01 6.016544986629105210e-03 1.203504375925353378e-02
-4.999999999999995559e-01 -5.781917985326614703e-03 1.203504375925353378e-02
-4.499999999999995115e-01 -1.225905912023367121e-02 1.203504375925353378e-02
-3.999999999999994671e-01 1.130047709034846456e-02 1.203504375925353378e-02
-3.499999999999994227e-01 3.137604550580283622e-03 1.203504375925353378e-02
-2.999999999999993783e-01 -3.251549128840068234e-03 1.203504375925353378e-02
-2.499999999999993339e-01 -1.291441443094739142e-02 1.203504375925353378e-02
-1.999999999999992895e-01 3.099940370804095055e-02 1.203504375925353378e-02
-1.499999999999992450e-01 -3.133494065816859464e-04 1.203504375925353378e-02
-9.999999999999920064e-02 -3.220017902520397324e-02 1.203504375925353378e-02
-4.999999999999915623e-02 1.785948659058525512e-02 1.203504375925353378e-02
8.881784197001252323e-16 4.841493893665005377e-03 1.203504375925353378e-02
5.000000000000093259e-02 -1.442623446665930453e-02 1.203504375925353378e-02
1.000000000000009770e-01 -6.081897511755474106e-04 1.203504375925353378e-02
1.500000000000010214e-01 1.996602065638192203e-02 1.203504375925353378e-02
2.000000000000010658e-01 2.045232459593371299e-03 1.203504375925353378e-02
2.500000000000011102e-01 -7.786303683962714217e-03 1.203504375925353378e-02
3.000000000000011546e-01 1.025402679392128924e-02 1.203504375925353378e-02
3.500000000000011990e-01 -1.259981391626252556e-03 1.203504375925353378e-02
4.000000000000012434e-01 -1.108665396070185327e-02 1.203504375925353378e-02
4.500000000000012879e-01 5.580546950053277833e-03 1.203504375925353378e-02
5.000000000000013323e-01 -1.682070067423513393e-02 1.203504375925353378e-02
5.500000000000013767e-01 -9.357366448107418133e-03 1.203504375925353378e-02
6.000000000000014211e-01 3.889575384554144755e-04 1.203504375925353378e-02
6.500000000000014655e-01 2.350633103316235317e-03 1.203504375925353378e-02
7.000000000000015099e-01 2.284306455219070608e-02 1.203504375925353378e-02
7.500000000000015543e-01 -7.096862549293259104e-03 1.203504375925353378e-02
8.000000000000015987e-01 -5.898068412616197520e-03 1.203504375925353378e-02
8.500000000000016431e-01 -1.568074197979885120e-02 1.203504375925353378e-02
9.000000000000016875e-01 6.778837883249178020e-03 1.203504375925353378e-02
9.500000000000017319e-01 -7.675439686772089765e-03 1.203504375925353378e-02
1.000000000000000000e+00 2.049748244839755262e-02 1.203504375925353378e-02
2.000000000000000000e+00 8.504883682325103944e-03 1.203504375925353378e-02
3.000000000000000000e+00 -1.608496485780325225e-02 1.203504375925353378e-02
4.000000000000000000e+00 1.144914532556326470e-02 1.203504375925353378e-02
5.000000000000000000e+00 -1.148560256956912551e-02 1.203504375925353378e-02
6.000000000000000000e+00 -2.321893890147308515e-04 1.203504375925353378e-02
7.000000000000000000e+00 -7.580594663257722576e-03 1.203504375925353378e-02
8.000000000000000000e+00 1.186780302980983137e-02 1.203504375925353378e-02
9.000000000000000000e+00 8.398244905763185830e-04 1.203504375925353378e-02
1.000000000000000000e+01 1.542516394705178984e-02 1.203504375925353378e-02
2.000000000000000000e+01 -1.756798832988760994e-02 1.203504375925353378e-02
3.000000000000000000e+01 3.384945415179994865e-03 1.203504375925353378e-02
4.000000000000000000e+01 5.249261171881083876e-04 1.203504375925353378e-02
5.000000000000000000e+01 1.718175899933527262e-02 1.203504375925353378e-02
6.000000000000000000e+01 -1.364131571014625538e-02 1.203504375925353378e-02
7.000000000000000000e+01 -7.419525626315490521e-03 1.203504375925353378e-02
8.000000000000000000e+01 -4.672311455586376089e-03 1.203504375925353378e-02
9.000000000000000000e+01 9.477612920860085943e-03 1.203504375925353378e-02
1.000000000000000000e+02 5.362489880448850776e-04 1.203504375925353378e-02
2.000000000000000000e+02 -1.369598007374921156e-02 1.203504375925353378e-02
3.000000000000000000e+02 1.657357319290746200e-02 1.203504375925353378e-02
4.000000000000000000e+02 -7.892049627406971801e-03 1.203504375925353378e-02
5.000000000000000000e+02 -3.722847508397214567e-03 1.203504375925353378e-02
6.000000000000000000e+02 1.129371291553638024e-02 1.203504375925353378e-02
7.000000000000000000e+02 2.138374436249819432e-03 1.203504375925353378e-02
8.000000000000000000e+02 9.090143634622599444e-03 1.203504375925353378e-02
9.000000000000000000e+02 1.834333488486168673e-03 1.203504375925353378e-02
1.000000000000000000e+03 4.787222072158120456e-03 1.203504375925353378e-02
1.100000000000000000e+03 -1.014279818225717784e-02 1.203504375925353378e-02
1.200000000000000000e+03 2.336304465249405826e-04 1.203504375925353378e-02
1.300000000000000000e+03 -8.489192673542658718e-03 1.203504375925353378e-02
1.400000000000000000e+03 -1.410590171030903783e-02 1.203504375925353378e-02
