-2.000000000000000000e+00 -3.427758851333082696e-02 2.173150264300658871e-02
-1.899999999999999911e+00 8.931661653341754423e-03 2.173150264300658871e-02
-1.799999999999999822e+00 1.274951705703170242e-02 2.173150264300658871e-02
-1.699999999999999734e+00 -2.014190234805868576e-02 2.173150264300658871e-02
-1.599999999999999645e+00 3.280240372330685966e-02 2.173150264300658871e-02
-1.499999999999999556e+00 -6.363511068186594906e-03 2.173150264300658871e-02
-1.399999999999999467e+00 1.502110070347993480e-02 2.173150264300658871e-02
-1.299999999999999378e+00 4.406522997420506127e-02 2.173150264300658871e-02
-1.199999999999999289e+00 2.221339312685358808e-02 2.173150264300658871e-02
-1.099999999999999201e+00 5.216376873719012937e-03 2.173150264300658871e-02
-1.000000000000000000e+00 -2.849121149281996952e-03 2.173150264300658871e-02
-9.499999999999999556e-01 -2.836029199798758768e-02 2.173150264300658871e-02
-8.999999999999999112e-01 1.770065805914526613e-02 2.173150264300658871e-02
-8.499999999999998668e-01 1.717815170453733387e-02 2.173150264300658871e-02
-7.999999999999998224e-01 -1.407198603385989392e-02 2.173150264300658871e-02
-7.499999999999997780e-01 -2.108591342040105161e-04 2.173150264300658871e-02
-6.999999999999997335e-01 -2.293153570123872623e-02 2.173150264300658871e-02
-6.499999999999996891e-01 -3.393800508742825933e-02 2.173150264300658871e-02
-5.999999999999996447e-01 -4.614091864599500353e-03 2.173150264300658871e-02
-5.499999999999996003e-01 1.382822570614115898e-02 2.173150264300658871e-02
-4.999999999999995559e-01 5.191346626895718824e-03 2.173150264300658871e-02
-4.499999999999995115e-01 1.795190619167725751e-02 2.173150264300658871e-02
-3.999999999999994671e-01 -1.642291237742007221e-02 2.173150264300658871e-02
-3.499999999999994227e-01 3.952098318963777335e-02 2.173150264300658871e-02
-2.999999999999993783e-01 -2.884384046964072121e-02 2.173150264300658871e-02
-2.499999999999993339e-01 2.155556785656162141e-02 2.173150264300658871e-02
-1.999999999999992895e-01 1.802974501178120081e-02 2.173150264300658871e-02
-1.499999999999992450e-01 7.357626287042166868e-03 2.173150264300658871e-02
-9.999999999999920064e-02 -3.223998060118669906e-02 2.173150264300658871e-02
-4.999999999999915623e-02 1.480327805200065683e-02 2.173150264300658871e-02
8.881784197001252323e-16 -5.372901112416839098e-03 2.173150264300658871e-02
5.000000000000093259e-02 6.974950582982952785e-02 2.173150264300658871e-02
1.000000000000009770e-01 -1.596429174579694354e-02 2.173150264300658871e-02
1.500000000000010214e-01 -1.180556766556561388e-01 2.173150264300658871e-02
2.000000000000010658e-01 -1.540066697589236866e-01 2.173150264300658871e-02
2.500000000000011102e-01 -9.933965174098469131e-02 2.173150264300658871e-02
3.000000000000011546e-01 -2.909628339199388236e-02 2.173150264300658871e-02
3.500000000000011990e-01 8.781779506704012750e-02 2.173150264300658871e-02
4.000000000000012434e-01 1.469321850472044000e-01 2.173150264300658871e-02
4.500000000000012879e-01 1.261878068421242727e-01 2.173150264300658871e-02
5.000000000000013323e-01 7.459791901394163816e-02 2.173150264300658871e-02
5.500000000000013767e-01 -8.666520598441146417e-02 2.173150264300658871e-02
6.000000000000014211e-01 -1.047214254230894315e-01 2.173150264300658871e-02
6.500000000000014655e-01 -8.413413850747314404e-02 2.173150264300658871e-02
7.000000000000015099e-01 -2.016969271764668115e-02 2.173150264300658871e-02
7.500000000000015543e-01 6.492729027627608396e-02 2.173150264300658871e-02
8.000000000000015987e-01 1.385118379811105527e-01 2.173150264300658871e-02
8.500000000000016431e-01 7.221550349593630624e-02 2.173150264300658871e-02
9.000000000000016875e-01 6.077665003039134373e-02 2.173150264300658871e-02
9.500000000000017319e-01 -2.700717722420498124e-02 2.173150264300658871e-02
1.000000000000000000e+00 -9.664785635442796341e-02 2.173150264300658871e-02
2.000000000000000000e+00 6.290651240715516845e-02 2.173150264300658871e-02
3.000000000000000000e+00 -3.898872902268768481e-02 2.173150264300658871e-02
4.000000000000000000e+00 -1.637410248401693913e-03 2.173150264300658871e-02
5.000000000000000000e+00 3.584271605329680810e-02 2.173150264300658871e-02
6.000000000000000000e+00 -1.908254182468294147e-02 2.173150264300658871e-02
7.000000000000000000e+00 -8.823731022697844928e-03 2.173150264300658871e-02
8.000000000000000000e+00 -3.967059533888239731e-02 2.173150264300658871e-02
9.000000000000000000e+00 3.687980352636710535e-02 2.173150264300658871e-02
1.000000000000000000e+01 -2.543050637565713590e-02 2.173150264300658871e-02
2.000000000000000000e+01 8.147174958789027421e-03 2.173150264300658871e-02
3.000000000000000000e+01 -4.160473836658074021e-03 2.173150264300658871e-02
4.000000000000000000e+01 1.409808676931967319e-02 2.173150264300658871e-02
5.000000000000000000e+01 -2.540917819290444690e-02 2.173150264300658871e-02
6.000000000000000000e+01 -1.517085137830964658e-02 2.173150264300658871e-02
7.000000000000000000e+01 -2.706731275356721866e-02 2.173150264300658871e-02
8.000000000000000000e+01 3.235719224839483932e-02 2.173150264300658871e-02
9.000000000000000000e+01 1.171309053201008421e-03 2.173150264300658871e-02
1.000000000000000000e+02 1.662384434754365925e-02 2.173150264300658871e-02
2.000000000000000000e+02 -1.478185825032013456e-02 2.173150264300658871e-02
3.000000000000000000e+02 3.594886446216105647e-02 2.173150264300658871e-02
4.000000000000000000e+02 -3.252936248244645001e-03 2.173150264300658871e-02
5.000000000000000000e+02 8.682815491276030251e-05 2.173150264300658871e-02
6.000000000000000000e+02 -2.367058795535608579e-02 2.173150264300658871e-02
7.000000000000000000e+02 4.223472079585635641e-03 2.173150264300658871e-02
8.000000000000000000e+02 -1.646089488477774088e-02 2.173150264300658871e-02
9.000000000000000000e+02 3.100193765004253393e-02 2.173150264300658871e-02
1.000000000000000000e+03 -1.113792971732634716e-02 2.173150264300658871e-02
1.100000000000000000e+03 -4.872363128088864903e-02 2.173150264300658871e-02
1.200000000000000000e+03 1.717131099507411898e-02 2.173150264300658871e-02
1.300000000000000000e+03 -7.279289179158472331e-03 2.173150264300658871e-02
1.400000000000000000e+03 2.323739242228336360e-03 2.173150264300658871e-02
