-2.000000000000000000e+00 -1.354248871922565962e-213 1.980596474540341183e-221 8.368510747033106515e-253 -2.119007096294765181e-235
-1.899999999999999911e+00 -5.492252984720623880e-192 2.048806241917383113e-199 3.171887221705482333e-229 -1.123690677546736405e-212
-1.799999999999999822e+00 -1.523713285504685641e-171 1.449647609139007055e-178 8.220035293027824585e-207 -4.075067238397922590e-191
-1.699999999999999734e+00 -2.892784563371408559e-152 7.018301886454427639e-159 1.456926401168237757e-185 -1.010957692154322096e-170
-1.599999999999999645e+00 -3.759923160051015882e-134 2.325891519264909896e-140 1.766656675114800270e-165 -1.716337136785172313e-151
-1.499999999999999556e+00 -3.347499823727324140e-117 5.278984250318556920e-123 1.466175999860536448e-146 -1.994967352421514854e-133
-1.399999999999999467e+00 -2.042770436511132237e-101 8.210632723559166769e-107 8.331845304474905774e-129 -1.588415427764762110e-116
-1.299999999999999378e+00 -8.551067903156666110e-87 8.757705962589787663e-92 3.243853832267771083e-112 -8.669018490914651102e-101
-1.199999999999999289e+00 -2.457849594745491716e-73 6.412006013622962189e-78 8.658543228381638476e-97 -3.245656943123030102e-86
-1.099999999999999201e+00 -4.857103215952677596e-61 3.226255682075871018e-65 1.585851641923743633e-82 -8.344517141780690828e-73
-1.000000000000000000e+00 -6.610114619021743308e-50 1.117296997261158032e-53 1.995182268829949360e-69 -1.475121981500758584e-60
-9.499999999999999556e-01 -8.946818135974404192e-45 2.411737858999175490e-48 2.593359185434357392e-63 -7.190525248451667906e-55
-8.999999999999999112e-01 -6.208962799565501209e-40 2.668614715281155233e-43 1.726663124578551798e-57 -1.796050744772315008e-49
-8.499999999999998668e-01 -2.210244114731179538e-35 1.514250937177301139e-38 5.890104814638968656e-52 -2.299502471600814015e-44
-7.999999999999998224e-01 -4.037823980376036939e-31 4.408171786564025649e-34 1.029749625639197667e-46 -1.509599040823351766e-39
-7.499999999999997780e-01 -3.787919611999374865e-27 6.587172732061194548e-30 9.229479692828354285e-42 -5.083769297039414831e-35
-6.999999999999997335e-01 -1.826076578445503232e-23 5.055921719219633395e-26 4.242574964168927870e-37 -8.786724471716639173e-31
-6.499999999999996891e-01 -4.527907649722422085e-20 1.994839564213535993e-22 1.000670210876202191e-32 -7.799237622494393922e-27
-5.999999999999996447e-01 -5.781427421712883290e-17 4.049984668396763362e-19 1.211728769829834037e-28 -3.557858810188372718e-23
-5.499999999999996003e-01 -3.806900107952039676e-14 4.236274366710156676e-16 7.538243089612269952e-25 -8.349181168853141387e-20
-4.999999999999995559e-01 -1.295224828593200371e-11 2.286694437840358327e-13 2.411305992497258269e-21 -1.009095327626641138e-16
-4.499999999999995115e-01 -2.282868427578296235e-09 6.383535923210857197e-11 3.970200148039376848e-18 -6.290942045929528895e-14
-3.999999999999994671e-01 -2.091846292545006386e-07 9.242974652431862833e-09 3.369283999298988483e-15 -2.027048956596013138e-11
-3.499999999999994227e-01 -1.001614515432260840e-05 6.969941276203230287e-07 1.476358488653556191e-12 -3.384923377900730266e-09
-2.999999999999993783e-01 -2.524977947890854214e-04 2.753391861520379719e-05 3.348044904149735240e-10 -2.940294106079625801e-07
-2.499999999999993339e-01 -3.390256423527330740e-03 5.748620065527467208e-04 3.942066594602631166e-08 -1.335701405953355753e-05
-1.999999999999992895e-01 -2.470276868745049231e-02 6.431791543007638057e-03 2.420718415519526766e-06 -3.198531056746369981e-04
-1.499999999999992450e-01 -1.008062373038108167e-01 3.945078717572023802e-02 7.803749664322843984e-05 -4.087504049494157521e-03
-9.999999999999920064e-02 -2.433140730746897740e-01 1.379208064463258443e-01 1.333928871248733815e-03 -2.843871996787432702e-02
-4.999999999999915623e-02 -3.809676886730330447e-01 2.939753589082781948e-01 1.228332401485572774e-02 -1.114332017322658963e-01
8.881784197001252323e-16 -4.437296208111816131e-01 4.265327094143887554e-01 6.256088060418189822e-02 -2.607815174364479516e-01
5.000000000000093259e-02 -4.467546322656267277e-01 4.888984359138004443e-01 1.844257810853502100e-01 -4.022101163430991666e-01
1.000000000000009770e-01 -4.301133157370081728e-01 5.082972659302554819e-01 3.402678050384892461e-01 -4.711854152259662976e-01
1.500000000000010214e-01 -4.105439779513693210e-01 5.161034392349016509e-01 4.444409310943799318e-01 -4.859419274425090807e-01
2.000000000000010658e-01 -3.909952788705158278e-01 5.223036911046542441e-01 4.788246300313389603e-01 -4.836971801084076206e-01
2.500000000000011102e-01 -3.717144941286487092e-01 5.283119460943512813e-01 4.813971123875830371e-01 -4.789150243358106795e-01
3.000000000000011546e-01 -3.527084860056738380e-01 5.342273241659764027e-01 4.772766266052194117e-01 -4.739989321375496223e-01
3.500000000000011990e-01 -3.339736423639199647e-01 5.400545090240709278e-01 4.725062929758838681e-01 -4.691414619944547781e-01
4.000000000000012434e-01 -3.155061713929130374e-01 5.457947973265508956e-01 4.677621003645552333e-01 -4.643495343475614878e-01
4.500000000000012879e-01 -2.973023316917974279e-01 5.514494073209645908e-01 4.630808282184546432e-01 -4.596223947052716086e-01
5.000000000000013323e-01 -2.793584341652420311e-01 5.570195396564049384e-01 4.584626513347137555e-01 -4.549591400207069758e-01
5.500000000000013767e-01 -2.616708413072604267e-01 5.625063781882156944e-01 4.539067040465041836e-01 -4.503588781623478754e-01
6.000000000000014211e-01 -2.442359664798332552e-01 5.679110902155186658e-01 4.494121175500581655e-01 -4.458207294641167717e-01
6.500000000000014655e-01 -2.270502732015708403e-01 5.732348267127436170e-01 4.449780350752445823e-01 -4.413438265605209576e-01
7.000000000000015099e-01 -2.101102744463250460e-01 5.784787225579126613e-01 4.406036118318840678e-01 -4.369273142146684052e-01
7.500000000000015543e-01 -1.934125319516072361e-01 5.836438967577324277e-01 4.362880148426680482e-01 -4.325703491486626584e-01
8.000000000000015987e-01 -1.769536555366779951e-01 5.887314526695384131e-01 4.320304227779694362e-01 -4.282720998763682729e-01
8.500000000000016431e-01 -1.607303024301734717e-01 5.937424782201365936e-01 4.278300257929616435e-01 -4.240317465385161078e-01
9.000000000000016875e-01 -1.447391766071329244e-01 5.986780461215832627e-01 4.236860253670163834e-01 -4.198484807401134944e-01
9.500000000000017319e-01 -1.289770281352988213e-01 6.035392140839488384e-01 4.195976341453464542e-01 -4.157215053901284763e-01
1.000000000000000000e+00 -1.134406525305574759e-01 6.083270250251050504e-01 4.155640757828636955e-01 -4.116500345434161989e-01
2.000000000000000000e+00 1.544328785024559336e-01 6.901617943900013596e-01 3.453034641973607433e-01 -3.407585629025525753e-01
3.000000000000000000e+00 3.546912849160317460e-01 7.500395784777733610e-01 2.914778652068695797e-01 -2.865027774142863137e-01
4.000000000000000000e+00 5.039487893833654031e-01 7.933674073546630456e-01 2.500619919826058135e-01 -2.448076246712132809e-01
5.000000000000000000e+00 6.147412442572376401e-01 8.242249087461342993e-01 2.180185349455343313e-01 -2.125982495246171167e-01
6.000000000000000000e+00 6.965272294176874102e-01 8.456901401732846990e-01 1.930556490184428542e-01 -1.875544824598468219e-01
7.000000000000000000e+00 7.564434158443205103e-01 8.600854407608551355e-01 1.734439692071850503e-01 -1.679255916654096847e-01
8.000000000000000000e+00 7.998745140225128614e-01 8.691629350704631607e-01 1.578785424031299289e-01 -1.523905069362501141e-01
9.000000000000000000e+00 8.308833200760691318e-01 8.742445022613886119e-01 1.453746500566714117e-01 -1.399523536776510202e-01
1.000000000000000000e+01 8.525352007068638382e-01 8.763273877372784737e-01 1.351892027067727875e-01 -1.298588750886335852e-01
2.000000000000000000e+01 8.666606405398392665e-01 8.337573419340389425e-01 8.510103902587695668e-02 -8.120128463974805866e-02
3.000000000000000000e+01 8.081654434824883104e-01 7.717588996983905103e-01 5.725094053038908698e-02 -5.483731331809781756e-02
4.000000000000000000e+01 7.505003861522261399e-01 7.138510214092809170e-01 3.340751026163721327e-02 -3.233104548001955458e-02
5.000000000000000000e+01 6.975850015035532925e-01 6.609579263230909163e-01 1.222392549969559747e-02 -1.233803719528634227e-02
6.000000000000000000e+01 6.492238393159147636e-01 6.126971030265964124e-01 -6.612738387212568382e-03 5.441249706373635364e-03
7.000000000000000000e+01 6.050151297676592543e-01 5.686484535753156822e-01 -2.333181565477555550e-02 2.122334480592523789e-02
8.000000000000000000e+01 5.645808752502706751e-01 5.284264363505587481e-01 -3.813791547121426345e-02 3.520121212990624804e-02
9.000000000000000000e+01 5.275772594923640035e-01 4.916809629232647416e-01 -5.121627918245598432e-02 4.754953725293377398e-02
1.000000000000000000e+02 4.936922284083606338e-01 4.580943511192164252e-01 -6.273476637238560583e-02 5.842661417827495207e-02
2.000000000000000000e+02 2.752891765119015455e-01 2.439879229625603885e-01 -1.194673986703859020e-01 1.120619471838601722e-01
3.000000000000000000e+02 1.761047731984000664e-01 1.498009280522316355e-01 -1.227578317409251524e-01 1.152766698751172408e-01
4.000000000000000000e+02 1.250499345336908708e-01 1.033697152100545302e-01 -1.093181350813198088e-01 1.026941907435229007e-01
5.000000000000000000e+02 9.472142540299655078e-02 7.700642685906242124e-02 -9.234383334356931206e-02 8.676152512346289869e-02
6.000000000000000000e+02 7.430014782468725987e-02 5.988240587520339553e-02 -7.628613645346793426e-02 7.167928263094985875e-02
7.000000000000000000e+02 5.931169651510179858e-02 4.759892860561844991e-02 -6.239838431701166810e-02 5.863195637478588185e-02
8.000000000000000000e+02 4.774844823933967197e-02 3.824121445829299637e-02 -5.080849980092529833e-02 4.774230541614237627e-02
9.000000000000000000e+02 3.859338885186610474e-02 3.087941430059355091e-02 -4.128519333515935641e-02 3.879395865479291078e-02
1.000000000000000000e+03 3.125211835686837747e-02 2.499429947144415215e-02 -3.351454397503489391e-02 3.149229930599461991e-02
1.100000000000000000e+03 2.532942244292428480e-02 2.025331322914649540e-02 -2.719430332218184324e-02 2.555345261925213302e-02
1.200000000000000000e+03 2.053750700793239778e-02 1.642011882910577800e-02 -2.206136057508662623e-02 2.073023470616855435e-02
1.300000000000000000e+03 1.665529474991094341e-02 1.331561582785302858e-02 -1.789553584735295230e-02 1.681577011701039862e-02
1.400000000000000000e+03 1.350812672396821228e-02 1.079928318644794022e-02 -1.451568814943694774e-02 1.363985468815858207e-02
