-2.000000000000000000e+00 1.801006579573440676e-257
-1.899999999999999911e+00 4.481171131912646573e-233
-1.799999999999999822e+00 6.602211522927500208e-210
-1.699999999999999734e+00 5.761433550113735559e-188
-1.599999999999999645e+00 2.978909726801389770e-167
-1.499999999999999556e+00 9.129314861478210498e-148
-1.399999999999999467e+00 1.659105869656454372e-129
-1.299999999999999378e+00 1.788988900793149592e-112
-1.199999999999999289e+00 1.145341812531875383e-96
-1.099999999999999201e+00 4.357360256444127016e-82
-1.000000000000000000e+00 9.861305455106117323e-69
-9.499999999999999556e-01 1.628834137569534042e-62
-8.999999999999999112e-01 1.329411680123746568e-56
-8.499999999999998668e-01 5.362719839688819997e-51
-7.999999999999998224e-01 1.069479963180224414e-45
-7.499999999999997780e-01 1.054776939029891133e-40
-6.999999999999997335e-01 5.146494430856256350e-36
-6.499999999999996891e-01 1.242846213727221820e-31
-5.999999999999996447e-01 1.486302907672711094e-27
-5.499999999999996003e-01 8.807585524712486042e-24
-4.999999999999995559e-01 2.588217116256183352e-20
-4.499999999999995115e-01 3.775281293558346093e-17
-3.999999999999994671e-01 2.736597705926977310e-14
-3.499999999999994227e-01 9.872341328645143303e-12
-2.999999999999993783e-01 1.775713257798816046e-09
-2.499999999999993339e-01 1.596111694293072573e-07
-1.999999999999992895e-01 7.189545614717133694e-06
-1.499999999999992450e-01 1.627910507385382831e-04
-9.999999999999920064e-02 1.857182952340699330e-03
-4.999999999999915623e-02 1.064239859084370465e-02
8.881784197001252323e-16 2.975716975260339625e-02
5.000000000000093259e-02 3.371230418090249981e-02
1.000000000000009770e-01 -1.532829918745726508e-02
1.500000000000010214e-01 -9.664858359876703220e-02
2.000000000000010658e-01 -1.426577511655735819e-01
2.500000000000011102e-01 -1.131072392096512530e-01
3.000000000000011546e-01 -2.211411528813460661e-02
3.500000000000011990e-01 7.895530343367476722e-02
4.000000000000012434e-01 1.339177162800289089e-01
4.500000000000012879e-01 1.134211868383629279e-01
5.000000000000013323e-01 3.059395814959368215e-02
5.500000000000013767e-01 -6.722576143582743857e-02
6.000000000000014211e-01 -1.255116746595109078e-01
6.500000000000014655e-01 -1.129157070551366909e-01
7.000000000000015099e-01 -3.808291385493748488e-02
7.500000000000015543e-01 5.607807908261930319e-02
8.000000000000015987e-01 1.169650923051053920e-01
8.500000000000016431e-01 1.116421209632302985e-01
9.000000000000016875e-01 4.461635965851932367e-02
9.500000000000017319e-01 -4.553972897378622681e-02
1.000000000000000000e+00 -1.083523650406682942e-01
2.000000000000000000e+00 6.646579801476874827e-02
3.000000000000000000e+00 -3.061942205228666836e-02
4.000000000000000000e+00 3.830454590595941140e-03
5.000000000000000000e+00 1.336884808571643136e-02
6.000000000000000000e+00 -2.206784493497367106e-02
7.000000000000000000e+00 2.420140269764177454e-02
8.000000000000000000e+00 -2.194285922777561293e-02
9.000000000000000000e+00 1.729183190012449980e-02
1.000000000000000000e+01 -1.184402515418847904e-02
2.000000000000000000e+01 6.460609356495997406e-04
3.000000000000000000e+01 -4.068174549202203040e-06
4.000000000000000000e+01 -4.837702512678719111e-06
5.000000000000000000e+01 8.198211768264231758e-07
6.000000000000000000e+01 -9.189502464635516966e-08
7.000000000000000000e+01 7.938647054412654506e-09
8.000000000000000000e+01 -5.064808757262512005e-10
9.000000000000000000e+01 1.464803780436483236e-11
1.000000000000000000e+02 1.932667965953142327e-12
2.000000000000000000e+02 -2.573001583648782891e-22
3.000000000000000000e+02 -9.371775200767916921e-33
4.000000000000000000e+02 3.114525645794166079e-43
5.000000000000000000e+02 2.535344593774719807e-53
6.000000000000000000e+02 -7.636266367580481480e-65
7.000000000000000000e+02 -5.214572571147671684e-74
8.000000000000000000e+02 -9.669275411540611086e-85
9.000000000000000000e+02 8.312994873156789794e-95
1.000000000000000000e+03 3.710205008913598762e-105
1.100000000000000000e+03 -8.598316467832079642e-116
1.200000000000000000e+03 -9.236359179977123971e-126
1.300000000000000000e+03 -2.692453739521965441e-137
1.400000000000000000e+03 1.782208654461613297e-146
