-2.000000000000000000e+00 -7.730152974030286665e-03 2.180152586459294106e-02
-1.899999999999999911e+00 2.977898280215592053e-02 2.180152586459294106e-02
-1.799999999999999822e+00 2.432927083364494134e-02 2.180152586459294106e-02
-1.699999999999999734e+00 3.325217310821388522e-02 2.180152586459294106e-02
-1.599999999999999645e+00 1.460827981828925412e-02 2.180152586459294106e-02
-1.499999999999999556e+00 -7.535881396883226287e-03 2.180152586459294106e-02
-1.399999999999999467e+00 1.420679085266205594e-02 2.180152586459294106e-02
-1.299999999999999378e+00 -1.557407983149073326e-02 2.180152586459294106e-02
-1.199999999999999289e+00 -3.264197813067287041e-02 2.180152586459294106e-02
-1.099999999999999201e+00 -2.989729266674887899e-03 2.180152586459294106e-02
-1.000000000000000000e+00 -3.270448222678463968e-02 2.180152586459294106e-02
-9.499999999999999556e-01 8.906993921784010435e-03 2.180152586459294106e-02
-8.999999999999999112e-01 1.111415620873059708e-02 2.180152586459294106e-02
-8.499999999999998668e-01 4.732901509263673194e-03 2.180152586459294106e-02
-7.999999999999998224e-01 1.220610617592555146e-02 2.180152586459294106e-02
-7.499999999999997780e-01 4.551504037224413796e-02 2.180152586459294106e-02
-6.999999999999997335e-01 3.276615436854407593e-02 2.180152586459294106e-02
-6.499999999999996891e-01 1.625645239670888559e-02 2.180152586459294106e-02
-5.999999999999996447e-01 5.796891255412606680e-05 2.180152586459294106e-02
-5.499999999999996003e-01 -5.781517631590386841e-02 2.180152586459294106e-02
-4.999999999999995559e-01 -2.639984535350566389e-02 2.180152586459294106e-02
-4.499999999999995115e-01 -3.969225359216940058e-02 2.180152586459294106e-02
-3.999999999999994671e-01 3.250036148436252098e-04 2.180152586459294106e-02
-3.499999999999994227e-01 -2.765637941547571615e-04 2.180152586459294106e-02
-2.999999999999993783e-01 6.190379958070199758e-03 2.180152586459294106e-02
-2.499999999999993339e-01 -9.156193451563045607e-03 2.180152586459294106e-02
-1.999999999999992895e-01 -3.588027917087021484e-02 2.180152586459294106e-02
-1.499999999999992450e-01 6.170792665505520080e-03 2.180152586459294106e-02
-9.999999999999920064e-02 1.758744897714861755e-02 2.180152586459294106e-02
-4.999999999999915623e-02 -8.119055120381524215e-03 2.180152586459294106e-02
8.881784197001252323e-16 -2.449437036088697450e-02 2.180152586459294106e-02
5.000000000000093259e-02 -3.423390075345256189e-03 2.180152586459294106e-02
1.000000000000009770e-01 4.179803016182892517e-02 2.180152586459294106e-02
1.500000000000010214e-01 -1.591221589032576489e-02 2.180152586459294106e-02
2.000000000000010658e-01 4.061097493702869876e-03 2.180152586459294106e-02
2.500000000000011102e-01 3.143113222460847123e-02 2.180152586459294106e-02
3.000000000000011546e-01 -2.046226670874246034e-02 2.180152586459294106e-02
3.500000000000011990e-01 1.338312182094753000e-02 2.180152586459294106e-02
4.000000000000012434e-01 -1.406385389991310353e-02 2.180152586459294106e-02
4.500000000000012879e-01 2.892709832471074272e-02 2.180152586459294106e-02
5.000000000000013323e-01 -1.587296471936450182e-02 2.180152586459294106e-02
5.500000000000013767e-01 2.889461037555024481e-02 2.180152586459294106e-02
6.000000000000014211e-01 -8.071389430502784457e-03 2.180152586459294106e-02
6.500000000000014655e-01 -2.626375435632544164e-02 2.180152586459294106e-02
7.000000000000015099e-01 -3.470987143713716305e-03 2.180152586459294106e-02
7.500000000000015543e-01 -2.336714430219347105e-02 2.180152586459294106e-02
8.000000000000015987e-01 -3.030717692874496105e-03 2.180152586459294106e-02
8.500000000000016431e-01 9.543993393417632420e-03 2.180152586459294106e-02
9.000000000000016875e-01 -9.891340640219042912e-03 2.180152586459294106e-02
9.500000000000017319e-01 2.289493529272361438e-02 2.180152586459294106e-02
1.000000000000000000e+00 -1.139661169645359018e-02 2.180152586459294106e-02
2.000000000000000000e+00 -7.007125733975883008e-03 2.180152586459294106e-02
3.000000000000000000e+00 -1.714803483474969248e-03 2.180152586459294106e-02
4.000000000000000000e+00 -2.909652608177176747e-02 2.180152586459294106e-02
5.000000000000000000e+00 3.294555131653476021e-02 2.180152586459294106e-02
6.000000000000000000e+00 -1.699796434147748947e-02 2.180152586459294106e-02
7.000000000000000000e+00 1.315371845097701442e-02 2.180152586459294106e-02
8.000000000000000000e+00 8.683820893992777457e-03 2.180152586459294106e-02
9.000000000000000000e+00 -1.062890363757840184e-03 2.180152586459294106e-02
1.000000000000000000e+01 -4.862089140583725211e-03 2.180152586459294106e-02
2.000000000000000000e+01 1.178552425911094659e-02 2.180152586459294106e-02
3.000000000000000000e+01 1.381527074493327234e-02 2.180152586459294106e-02
4.000000000000000000e+01 -1.247338947817222543e-02 2.180152586459294106e-02
5.000000000000000000e+01 3.051150985131645399e-03 2.180152586459294106e-02
6.000000000000000000e+01 -4.192773629922030842e-02 2.180152586459294106e-02
7.000000000000000000e+01 6.573477272366012869e-03 2.180152586459294106e-02
8.000000000000000000e+01 -3.569523942951957629e-03 2.180152586459294106e-02
9.000000000000000000e+01 5.052429438278216445e-02 2.180152586459294106e-02
1.000000000000000000e+02 -2.924206089612430004e-02 2.180152586459294106e-02
2.000000000000000000e+02 4.957872211894809311e-03 2.180152586459294106e-02
3.000000000000000000e+02 -7.835778493026884783e-03 2.180152586459294106e-02
4.000000000000000000e+02 4.295498261395747086e-03 2.180152586459294106e-02
5.000000000000000000e+02 -1.803439191138793418e-02 2.180152586459294106e-02
6.000000000000000000e+02 -2.243527796399594210e-02 2.180152586459294106e-02
7.000000000000000000e+02 1.244493332753127818e-02 2.180152586459294106e-02
8.000000000000000000e+02 -7.194155390049188081e-03 2.180152586459294106e-02
9.000000000000000000e+02 4.151931604657901204e-02 2.180152586459294106e-02
1.000000000000000000e+03 2.997980334348639142e-02 2.180152586459294106e-02
1.100000000000000000e+03 1.334267845992128526e-02 2.180152586459294106e-02
1.200000000000000000e+03 5.147838253956000393e-03 2.180152586459294106e-02
1.300000000000000000e+03 -6.115679749575178570e-04 2.180152586459294106e-02
1.400000000000000000e+03 1.827849345042246304e-02 2.180152586459294106e-02
