# time_delay 	 res_example_osc_2 	 eps
-2.00000000e+00 -8.35958486e-03 3.64804768e-03
-1.80000000e+00 8.52407900e-04 3.64804768e-03
-1.60000000e+00 4.22271442e-03 3.64804768e-03
-1.40000000e+00 -3.73095838e-03 3.64804768e-03
-1.20000000e+00 1.26727617e-03 3.64804768e-03
-1.00000000e+00 -4.44001054e-03 3.64804768e-03
-9.80000000e-01 6.50723541e-03 3.64804768e-03
-9.60000000e-01 7.16366115e-04 3.64804768e-03
-9.40000000e-01 -3.64547664e-03 3.64804768e-03
-9.20000000e-01 -2.32307050e-03 3.64804768e-03
-9.00000000e-01 -7.08904737e-03 3.64804768e-03
-8.80000000e-01 -4.43112448e-04 3.64804768e-03
-8.60000000e-01 -9.72395256e-04 3.64804768e-03
-8.40000000e-01 -4.83380392e-03 3.64804768e-03
-8.20000000e-01 2.33344867e-03 3.64804768e-03
-8.00000000e-01 -4.06006662e-04 3.64804768e-03
-7.80000000e-01 -4.13752305e-03 3.64804768e-03
-7.60000000e-01 -9.85186218e-04 3.64804768e-03
-7.40000000e-01 5.11287820e-03 3.64804768e-03
-7.20000000e-01 -4.37177969e-03 3.64804768e-03
-7.00000000e-01 4.62899117e-03 3.64804768e-03
-6.80000000e-01 -7.20431315e-03 3.64804768e-03
-6.60000000e-01 -7.93761783e-04 3.64804768e-03
-6.40000000e-01 5.07394711e-03 3.64804768e-03
-6.20000000e-01 -4.55404288e-04 3.64804768e-03
-6.00000000e-01 2.81631105e-04 3.64804768e-03
-5.80000000e-01 -2.83013404e-03 3.64804768e-03
-5.60000000e-01 6.02462781e-04 3.64804768e-03
-5.40000000e-01 -1.37861560e-03 3.64804768e-03
-5.20000000e-01 -2.06815487e-03 3.64804768e-03
-5.00000000e-01 -5.95802786e-03 3.64804768e-03
-4.80000000e-01 -3.61321800e-03 3.64804768e-03
-4.60000000e-01 -2.96741350e-03 3.64804768e-03
-4.40000000e-01 8.28082723e-04 3.64804768e-03
-4.20000000e-01 1.99728838e-03 3.64804768e-03
-4.00000000e-01 -1.10355738e-03 3.64804768e-03
-3.80000000e-01 -1.44412953e-03 3.64804768e-03
-3.60000000e-01 -2.98005297e-03 3.64804768e-03
-3.40000000e-01 4.80644084e-03 3.64804768e-03
-3.20000000e-01 -7.73213939e-03 3.64804768e-03
-3.00000000e-01 -4.08227216e-03 3.64804768e-03
-2.80000000e-01 1.26065250e-03 3.64804768e-03
-2.60000000e-01 4.68906109e-04 3.64804768e-03
-2.40000000e-01 7.94913582e-04 3.64804768e-03
-2.20000000e-01 1.37388874e-03 3.64804768e-03
-2.00000000e-01 3.19391262e-04 3.64804768e-03
-1.80000000e-01 -1.15726165e-02 3.64804768e-03
-1.60000000e-01 -7.96228708e-03 3.64804768e-03
-1.40000000e-01 -2.02338963e-03 3.64804768e-03
-1.20000000e-01 -5.91688628e-03 3.64804768e-03
-1.00000000e-01 3.65006333e-04 3.64804768e-03
-8.00000000e-02 4.84722037e-03 3.64804768e-03
-6.00000000e-02 -1.83366798e-03 3.64804768e-03
-4.00000000e-02 1.83666697e-03 3.64804768e-03
-2.00000000e-02 7.81956523e-04 3.64804768e-03
8.88178420e-16 -8.23948222e-03 3.64804768e-03
2.00000000e-02 4.64973466e-03 3.64804768e-03
4.00000000e-02 1.04150442e-03 3.64804768e-03
6.00000000e-02 -3.57015339e-03 3.64804768e-03
8.00000000e-02 -3.67648444e-03 3.64804768e-03
1.00000000e-01 5.68103255e-03 3.64804768e-03
1.20000000e-01 -6.16807406e-04 3.64804768e-03
1.40000000e-01 1.32397377e-04 3.64804768e-03
1.60000000e-01 1.76017855e-03 3.64804768e-03
1.80000000e-01 -8.49190704e-04 3.64804768e-03
2.00000000e-01 3.00316348e-03 3.64804768e-03
2.20000000e-01 9.66838218e-04 3.64804768e-03
2.40000000e-01 3.02290202e-03 3.64804768e-03
2.60000000e-01 -2.88990409e-03 3.64804768e-03
2.80000000e-01 -1.18090184e-03 3.64804768e-03
3.00000000e-01 4.74443901e-03 3.64804768e-03
3.20000000e-01 -3.01233620e-03 3.64804768e-03
3.40000000e-01 1.73920312e-03 3.64804768e-03
3.60000000e-01 2.56333618e-03 3.64804768e-03
3.80000000e-01 -1.28542914e-03 3.64804768e-03
4.00000000e-01 -4.34725466e-03 3.64804768e-03
4.20000000e-01 6.17920846e-03 3.64804768e-03
4.40000000e-01 -6.99998486e-03 3.64804768e-03
4.60000000e-01 1.99020558e-03 3.64804768e-03
4.80000000e-01 -4.53060127e-03 3.64804768e-03
5.00000000e-01 1.43224646e-03 3.64804768e-03
5.20000000e-01 -4.65217555e-03 3.64804768e-03
5.40000000e-01 2.00787329e-04 3.64804768e-03
5.60000000e-01 -3.93187305e-04 3.64804768e-03
5.80000000e-01 -2.41791398e-03 3.64804768e-03
6.00000000e-01 -3.59394907e-03 3.64804768e-03
6.20000000e-01 -4.51524753e-03 3.64804768e-03
6.40000000e-01 3.01271404e-03 3.64804768e-03
6.60000000e-01 -2.30858015e-04 3.64804768e-03
6.80000000e-01 3.91439855e-03 3.64804768e-03
7.00000000e-01 -4.93821871e-03 3.64804768e-03
7.20000000e-01 -2.80082474e-04 3.64804768e-03
7.40000000e-01 -4.36270561e-03 3.64804768e-03
7.60000000e-01 7.64606842e-05 3.64804768e-03
7.80000000e-01 3.37690306e-03 3.64804768e-03
8.00000000e-01 -1.69045998e-03 3.64804768e-03
8.20000000e-01 -1.14170681e-03 3.64804768e-03
8.40000000e-01 5.70685633e-03 3.64804768e-03
8.60000000e-01 -3.04538961e-03 3.64804768e-03
8.80000000e-01 -1.68104418e-03 3.64804768e-03
9.00000000e-01 2.78966343e-03 3.64804768e-03
9.20000000e-01 -5.82014765e-04 3.64804768e-03
9.40000000e-01 3.08245061e-03 3.64804768e-03
9.60000000e-01 1.20646675e-03 3.64804768e-03
9.80000000e-01 -3.86332026e-04 3.64804768e-03
1.00000000e+00 4.27941173e-03 3.64804768e-03
1.20000000e+00 -8.94278326e-04 3.64804768e-03
1.40000000e+00 1.86547149e-03 3.64804768e-03
1.60000000e+00 1.35854241e-03 3.64804768e-03
1.80000000e+00 -3.92925762e-03 3.64804768e-03
2.00000000e+00 5.44938649e-03 3.64804768e-03
2.20000000e+00 -8.64120899e-04 3.64804768e-03
2.40000000e+00 2.71267266e-03 3.64804768e-03
2.60000000e+00 -1.92932197e-03 3.64804768e-03
2.80000000e+00 4.82526523e-03 3.64804768e-03
3.00000000e+00 4.76108448e-04 3.64804768e-03
3.20000000e+00 9.92619852e-04 3.64804768e-03
3.40000000e+00 3.78960179e-03 3.64804768e-03
3.60000000e+00 -4.65669869e-03 3.64804768e-03
3.80000000e+00 -1.04799373e-03 3.64804768e-03
4.00000000e+00 -1.02537538e-02 3.64804768e-03
4.20000000e+00 2.83330394e-03 3.64804768e-03
4.40000000e+00 -1.12819092e-04 3.64804768e-03
4.60000000e+00 3.43257335e-03 3.64804768e-03
4.80000000e+00 5.14407285e-03 3.64804768e-03
5.00000000e+00 3.21641552e-03 3.64804768e-03
6.00000000e+00 -1.68754293e-03 3.64804768e-03
7.00000000e+00 -5.43848050e-03 3.64804768e-03
8.00000000e+00 -2.53650842e-03 3.64804768e-03
9.00000000e+00 -3.33198483e-03 3.64804768e-03
1.00000000e+01 1.32055989e-03 3.64804768e-03
2.00000000e+01 -2.31049918e-03 3.64804768e-03
3.00000000e+01 4.62177773e-03 3.64804768e-03
4.00000000e+01 2.55901185e-03 3.64804768e-03
5.00000000e+01 -3.96654553e-03 3.64804768e-03
6.00000000e+01 -6.24389172e-04 3.64804768e-03
7.00000000e+01 -3.36396510e-03 3.64804768e-03
8.00000000e+01 7.89764358e-03 3.64804768e-03
9.00000000e+01 -5.54848550e-03 3.64804768e-03
1.00000000e+02 -1.20133102e-03 3.64804768e-03
2.00000000e+02 -1.88246739e-03 3.64804768e-03
3.00000000e+02 3.33964034e-03 3.64804768e-03
4.00000000e+02 2.59541056e-03 3.64804768e-03
5.00000000e+02 5.37773927e-03 3.64804768e-03
6.00000000e+02 -5.89876732e-04 3.64804768e-03
7.00000000e+02 -1.99472054e-03 3.64804768e-03
8.00000000e+02 -3.75243087e-03 3.64804768e-03
9.00000000e+02 -2.78633998e-03 3.64804768e-03
1.00000000e+03 6.37015803e-03 3.64804768e-03
2.00000000e+03 -3.44219583e-04 3.64804768e-03
