2.825000000000000000e+03 2.804494460661999256e-05
2.825250000000000000e+03 2.527637676578819992e-03
2.825500000000000000e+03 5.027230408554572705e-03
2.825750000000000000e+03 7.526823140530325418e-03
2.826000000000000000e+03 1.002641587250252542e-02
2.826250000000000000e+03 1.252600860447827813e-02
2.826500000000000000e+03 1.502560133645403084e-02
2.826750000000000000e+03 1.752519406842623084e-02
2.827000000000000000e+03 2.002478680040198356e-02
2.827250000000000000e+03 2.252437953237773627e-02
2.827500000000000000e+03 2.502397226434993627e-02
2.827750000000000000e+03 2.752356499632568898e-02
2.828000000000000000e+03 3.002315772830144169e-02
2.828250000000000000e+03 3.252275046027364169e-02
2.828500000000000000e+03 3.502234319224939441e-02
2.828750000000000000e+03 3.752193592422514712e-02
2.829000000000000000e+03 4.002152865619734712e-02
2.829250000000000000e+03 4.252112138817309983e-02
2.829500000000000000e+03 4.502071412014885254e-02
2.829750000000000000e+03 4.752030685212105254e-02
2.830000000000000000e+03 5.001989958409680526e-02
2.830250000000000000e+03 5.251949231607255797e-02
2.830500000000000000e+03 5.501908504804475797e-02
2.830750000000000000e+03 5.751867778002051068e-02
2.831000000000000000e+03 6.001827051199626339e-02
2.831250000000000000e+03 6.251786324396846339e-02
2.831500000000000000e+03 6.501745597594421611e-02
2.831750000000000000e+03 6.751704870791996882e-02
2.832000000000000000e+03 7.001664143989216882e-02
2.832250000000000000e+03 7.251623417186792153e-02
2.832500000000000000e+03 7.501582690384367424e-02
2.832750000000000000e+03 7.751541963581587424e-02
2.833000000000000000e+03 8.001501236779162696e-02
2.833250000000000000e+03 8.251460509976737967e-02
2.833500000000000000e+03 8.501419783173957967e-02
2.833750000000000000e+03 8.751379056371533238e-02
2.834000000000000000e+03 9.001338329569108510e-02
2.834250000000000000e+03 9.251297602766328509e-02
2.834500000000000000e+03 9.501256875963903781e-02
2.834750000000000000e+03 9.751216149161479052e-02
2.835000000000000000e+03 1.000117542235869905e-01
2.835250000000000000e+03 1.025113469555627432e-01
2.835500000000000000e+03 1.050109396875349432e-01
2.835750000000000000e+03 1.075105324195106959e-01
2.836000000000000000e+03 1.100101251514864487e-01
2.836250000000000000e+03 1.125097178834586487e-01
2.836500000000000000e+03 1.150093106154344014e-01
2.836750000000000000e+03 1.175089033474101541e-01
2.837000000000000000e+03 1.200084960793823541e-01
2.837250000000000000e+03 1.225080888113581068e-01
2.837500000000000000e+03 1.250076815433338595e-01
2.837750000000000000e+03 1.275072742753060595e-01
2.838000000000000000e+03 1.300068670072818122e-01
2.838250000000000000e+03 1.325064597392575649e-01
2.838500000000000000e+03 1.350060524712297649e-01
2.838750000000000000e+03 1.375056452032055176e-01
2.839000000000000000e+03 1.400052379351812704e-01
2.839250000000000000e+03 1.425048306671534704e-01
2.839500000000000000e+03 1.450044233991292231e-01
2.839750000000000000e+03 1.475040161311049758e-01
2.840000000000000000e+03 1.500036088630771758e-01
2.840250000000000000e+03 1.525032015950529285e-01
2.840500000000000000e+03 1.550027943270286812e-01
2.840750000000000000e+03 1.575023870590008812e-01
2.841000000000000000e+03 1.600019797909766339e-01
2.841250000000000000e+03 1.625015725229523866e-01
2.841500000000000000e+03 1.650011652549245866e-01
2.841750000000000000e+03 1.675007579869003393e-01
2.842000000000000000e+03 1.700003507188760921e-01
2.842250000000000000e+03 1.724999434508482921e-01
2.842500000000000000e+03 1.749995361828240448e-01
2.842750000000000000e+03 1.774991289147997975e-01
2.843000000000000000e+03 1.799987216467719975e-01
2.843250000000000000e+03 1.824983143787477502e-01
2.843500000000000000e+03 1.849979071107235029e-01
2.843750000000000000e+03 1.874974998426957029e-01
2.844000000000000000e+03 1.899970925746714556e-01
2.844250000000000000e+03 1.924966853066472083e-01
2.844500000000000000e+03 1.949962780386194083e-01
2.844750000000000000e+03 1.974958707705951610e-01
