2.825000000000000000e+03 2.053965768919852053e-02
2.825250000000000000e+03 2.401923875805422881e-02
2.825500000000000000e+03 2.757207274472506242e-02
2.825750000000000000e+03 3.120577007033631389e-02
2.826000000000000000e+03 3.492897057508059788e-02
2.826250000000000000e+03 3.875151738611748442e-02
2.826500000000000000e+03 4.268466639504353566e-02
2.826750000000000000e+03 4.674133999746743484e-02
2.827000000000000000e+03 5.093643619888155172e-02
2.827250000000000000e+03 5.528720744181470081e-02
2.827500000000000000e+03 5.981372785498706435e-02
2.827750000000000000e+03 6.453947348459365685e-02
2.828000000000000000e+03 6.949204804064734731e-02
2.828250000000000000e+03 7.470409764341567893e-02
2.828500000000000000e+03 8.021447325020858443e-02
2.828750000000000000e+03 8.606972074680285800e-02
2.829000000000000000e+03 9.232600888301334408e-02
2.829250000000000000e+03 9.905164851364745005e-02
2.829500000000000000e+03 1.063304193679819321e-01
2.829750000000000000e+03 1.142660126516652497e-01
2.830000000000000000e+03 1.229880344503975209e-01
2.830250000000000000e+03 1.326602199753494915e-01
2.830500000000000000e+03 1.434918193504977069e-01
2.830750000000000000e+03 1.557535894211490302e-01
2.831000000000000000e+03 1.698005495275261012e-01
2.831250000000000000e+03 1.861047536937370239e-01
2.831500000000000000e+03 2.053029365706500187e-01
2.831750000000000000e+03 2.282660545438979227e-01
2.832000000000000000e+03 2.561999990115353398e-01
2.832250000000000000e+03 2.907866801942198265e-01
2.832500000000000000e+03 3.343634248953968324e-01
2.832750000000000000e+03 3.900886821833360329e-01
2.833000000000000000e+03 4.618815731884602371e-01
2.833250000000000000e+03 5.535260913321948806e-01
2.833500000000000000e+03 6.657506669534498656e-01
2.833750000000000000e+03 7.905791706909859329e-01
2.834000000000000000e+03 9.069001428517147190e-01
2.834250000000000000e+03 9.880151278226101397e-01
2.834500000000000000e+03 1.023635008119757828e+00
2.834750000000000000e+03 1.033563713196027578e+00
2.835000000000000000e+03 1.054191315571301857e+00
2.835250000000000000e+03 1.114892012243352326e+00
2.835500000000000000e+03 1.224661619592868789e+00
2.835750000000000000e+03 1.365171666481870716e+00
2.836000000000000000e+03 1.487344776111786615e+00
2.836250000000000000e+03 1.528984254373181528e+00
2.836500000000000000e+03 1.459123647409821700e+00
2.836750000000000000e+03 1.304999542974154991e+00
2.837000000000000000e+03 1.125382499137089098e+00
2.837250000000000000e+03 9.671422695323208529e-01
2.837500000000000000e+03 8.505592253879257214e-01
2.837750000000000000e+03 7.785506098493257809e-01
2.838000000000000000e+03 7.480737265995109908e-01
2.838250000000000000e+03 7.551634863061984504e-01
2.838500000000000000e+03 7.938168938929379692e-01
2.838750000000000000e+03 8.504032185343213257e-01
2.839000000000000000e+03 8.987614594254367262e-01
2.839250000000000000e+03 9.071627872382421742e-01
2.839500000000000000e+03 8.597229359625302436e-01
2.839750000000000000e+03 7.696198246328869175e-01
2.840000000000000000e+03 6.656542763205344215e-01
2.840250000000000000e+03 5.704617863535155209e-01
2.840500000000000000e+03 4.930924512492751433e-01
2.840750000000000000e+03 4.335595797989668654e-01
2.841000000000000000e+03 3.885941443865661427e-01
2.841250000000000000e+03 3.546415933097080142e-01
2.841500000000000000e+03 3.288070370782918417e-01
2.841750000000000000e+03 3.089471215159207418e-01
2.842000000000000000e+03 2.935248354323825026e-01
2.842250000000000000e+03 2.814439259751573275e-01
2.842500000000000000e+03 2.719173523756879263e-01
2.842750000000000000e+03 2.643732852912563658e-01
2.843000000000000000e+03 2.583903628196821955e-01
2.843250000000000000e+03 2.536535176156320404e-01
2.843500000000000000e+03 2.499237484799472497e-01
2.843750000000000000e+03 2.470172476819314511e-01
2.844000000000000000e+03 2.447908170834445230e-01
2.844250000000000000e+03 2.431315449039708199e-01
2.844500000000000000e+03 2.419494004802018594e-01
2.844750000000000000e+03 2.411718519855732268e-01
