-2.000000000000000000e+00 -5.821852962107933183e-02 2.641714704110455572e-02
-1.899999999999999911e+00 -8.702408798492152625e-03 2.641714704110455572e-02
-1.799999999999999822e+00 -1.060731959272950657e-02 2.641714704110455572e-02
-1.699999999999999734e+00 2.068379496081814567e-02 2.641714704110455572e-02
-1.599999999999999645e+00 6.744035218938164433e-02 2.641714704110455572e-02
-1.499999999999999556e+00 -4.281592328264782060e-02 2.641714704110455572e-02
-1.399999999999999467e+00 1.548573606628775995e-03 2.641714704110455572e-02
-1.299999999999999378e+00 -2.170888155011214266e-02 2.641714704110455572e-02
-1.199999999999999289e+00 -1.707229129957748420e-02 2.641714704110455572e-02
-1.099999999999999201e+00 -2.636062198561400435e-02 2.641714704110455572e-02
-1.000000000000000000e+00 -4.914107620536381504e-02 2.641714704110455572e-02
-9.499999999999999556e-01 3.885216641609814253e-02 2.641714704110455572e-02
-8.999999999999999112e-01 3.168037598994048049e-02 2.641714704110455572e-02
-8.499999999999998668e-01 -7.916389768453473835e-03 2.641714704110455572e-02
-7.999999999999998224e-01 2.009043593200771777e-02 2.641714704110455572e-02
-7.499999999999997780e-01 -2.286496000561708073e-03 2.641714704110455572e-02
-6.999999999999997335e-01 2.367326920761196607e-02 2.641714704110455572e-02
-6.499999999999996891e-01 -1.304019752522976409e-02 2.641714704110455572e-02
-5.999999999999996447e-01 -9.974288393840037570e-02 2.641714704110455572e-02
-5.499999999999996003e-01 3.129519825948060691e-02 2.641714704110455572e-02
-4.999999999999995559e-01 4.907983938133819724e-02 2.641714704110455572e-02
-4.499999999999995115e-01 1.405878117891534371e-02 2.641714704110455572e-02
-3.999999999999994671e-01 -1.009849247804292874e-03 2.641714704110455572e-02
-3.499999999999994227e-01 3.249784854222222824e-02 2.641714704110455572e-02
-2.999999999999993783e-01 -1.215105786240713512e-02 2.641714704110455572e-02
-2.499999999999993339e-01 1.846299447229605289e-02 2.641714704110455572e-02
-1.999999999999992895e-01 -1.496260045647215819e-02 2.641714704110455572e-02
-1.499999999999992450e-01 -4.775631360323912000e-03 2.641714704110455572e-02
-9.999999999999920064e-02 1.763942153271488844e-02 2.641714704110455572e-02
-4.999999999999915623e-02 -1.115966887016789366e-03 2.641714704110455572e-02
8.881784197001252323e-16 1.140774383638734624e-02 2.641714704110455572e-02
5.000000000000093259e-02 -7.158450988671100079e-03 2.641714704110455572e-02
1.000000000000009770e-01 -9.471557699319566037e-04 2.641714704110455572e-02
1.500000000000010214e-01 2.294130848686633251e-02 2.641714704110455572e-02
2.000000000000010658e-01 -6.428625888214609119e-02 2.641714704110455572e-02
2.500000000000011102e-01 -3.216573472836335712e-02 2.641714704110455572e-02
3.000000000000011546e-01 -3.723182153891623630e-03 2.641714704110455572e-02
3.500000000000011990e-01 -1.070236175619816016e-02 2.641714704110455572e-02
4.000000000000012434e-01 2.980402952464387967e-02 2.641714704110455572e-02
4.500000000000012879e-01 -9.460003381592203830e-03 2.641714704110455572e-02
5.000000000000013323e-01 3.052693834686884961e-02 2.641714704110455572e-02
5.500000000000013767e-01 3.128529579198590510e-02 2.641714704110455572e-02
6.000000000000014211e-01 -1.696665733001414406e-02 2.641714704110455572e-02
6.500000000000014655e-01 4.324607252004610686e-02 2.641714704110455572e-02
7.000000000000015099e-01 -4.436406101945837566e-03 2.641714704110455572e-02
7.500000000000015543e-01 2.862168103928899171e-02 2.641714704110455572e-02
8.000000000000015987e-01 1.057694590199951407e-02 2.641714704110455572e-02
8.500000000000016431e-01 1.410795776353709202e-02 2.641714704110455572e-02
9.000000000000016875e-01 1.563390166468778958e-02 2.641714704110455572e-02
9.500000000000017319e-01 3.162114937585225327e-03 2.641714704110455572e-02
1.000000000000000000e+00 3.625513309882463786e-04 2.641714704110455572e-02
2.000000000000000000e+00 -8.936205374014599689e-03 2.641714704110455572e-02
3.000000000000000000e+00 1.170498744829370774e-02 2.641714704110455572e-02
4.000000000000000000e+00 -4.949806702098586558e-02 2.641714704110455572e-02
5.000000000000000000e+00 9.298884700413165283e-03 2.641714704110455572e-02
6.000000000000000000e+00 -4.495569889603865527e-02 2.641714704110455572e-02
7.000000000000000000e+00 3.414896748582460506e-03 2.641714704110455572e-02
8.000000000000000000e+00 -3.470360082582030214e-03 2.641714704110455572e-02
9.000000000000000000e+00 1.969108159088551330e-02 2.641714704110455572e-02
1.000000000000000000e+01 -5.334114685160498692e-03 2.641714704110455572e-02
2.000000000000000000e+01 4.853652100445098733e-02 2.641714704110455572e-02
3.000000000000000000e+01 -3.985000216301347320e-02 2.641714704110455572e-02
4.000000000000000000e+01 3.781100925573511323e-02 2.641714704110455572e-02
5.000000000000000000e+01 -2.151814993280478511e-02 2.641714704110455572e-02
6.000000000000000000e+01 -1.875571752498343334e-02 2.641714704110455572e-02
7.000000000000000000e+01 -4.316067927740847160e-02 2.641714704110455572e-02
8.000000000000000000e+01 -2.392286165025661257e-02 2.641714704110455572e-02
9.000000000000000000e+01 -1.366310521819064094e-02 2.641714704110455572e-02
1.000000000000000000e+02 2.309650731150116737e-02 2.641714704110455572e-02
2.000000000000000000e+02 3.160928521767358834e-02 2.641714704110455572e-02
3.000000000000000000e+02 -1.950972952085770762e-02 2.641714704110455572e-02
4.000000000000000000e+02 -2.866845498237197837e-02 2.641714704110455572e-02
5.000000000000000000e+02 -1.756658904686583117e-02 2.641714704110455572e-02
6.000000000000000000e+02 4.085952884163497612e-02 2.641714704110455572e-02
7.000000000000000000e+02 1.297074683723688227e-02 2.641714704110455572e-02
8.000000000000000000e+02 5.173163610049130723e-03 2.641714704110455572e-02
9.000000000000000000e+02 3.829983777653189758e-02 2.641714704110455572e-02
1.000000000000000000e+03 2.429245548096797824e-02 2.641714704110455572e-02
1.100000000000000000e+03 -4.175955413120109594e-02 2.641714704110455572e-02
1.200000000000000000e+03 -2.990973395931781353e-02 2.641714704110455572e-02
1.300000000000000000e+03 2.460369319658539666e-03 2.641714704110455572e-02
1.400000000000000000e+03 -6.912391306752169173e-04 2.641714704110455572e-02
