-2.000000000000000000e+00 7.178604686406059201e-185 3.630729542950881451e-164 1.947785893558322668e-157 -6.030402809620114421e-161
-1.899999999999999911e+00 1.039255547386408506e-166 4.271178024808796002e-147 9.775472512599268705e-141 -4.724447057515815118e-144
-1.799999999999999822e+00 1.685911920049008992e-149 5.632586768326824229e-131 5.499618792493399389e-125 -4.148787918077629170e-128
-1.699999999999999734e+00 3.065686600643953897e-133 8.330243708341922462e-116 3.469823755136557914e-110 -4.085380271905199162e-113
-1.599999999999999645e+00 6.251426122341622737e-118 1.382346916197097232e-101 2.456294128043425285e-96 -4.513306814524516204e-99
-1.499999999999999556e+00 1.430218683257246800e-103 2.575449868848394720e-88 1.952164287771772105e-83 -5.597097908738257650e-86
-1.399999999999999467e+00 3.673302541985889012e-90 5.391316405053354922e-76 1.743176810845709063e-71 -7.797386256825435069e-74
-1.299999999999999378e+00 1.059887889365308697e-77 1.269268257173236400e-64 1.750503664480478509e-60 -1.221356491656868494e-62
-1.199999999999999289e+00 3.438814482696950040e-66 3.364744152853348447e-54 1.979243646275812773e-50 -2.153456796803685743e-52
-1.099999999999999201e+00 1.256048069967888440e-55 1.005935304127063245e-44 2.523612929230425644e-41 -4.280233557117151140e-43
-1.000000000000000000e+00 5.172536632074251776e-46 3.398687350978248340e-36 3.636034394037275792e-33 -9.609028839703012297e-35
-9.499999999999999556e-01 1.465036968092048676e-41 2.760402591912618382e-32 1.928420851310882236e-29 -6.360021236122939665e-31
-8.999999999999999112e-01 2.406375670289363373e-37 1.301407332327710637e-28 5.936625195007894054e-26 -2.442977161792390243e-27
-8.499999999999998668e-01 2.293007910855647568e-33 3.563448856166103034e-25 1.061391792156163725e-22 -5.448532291260542556e-24
-7.999999999999998224e-01 1.268123689576109506e-29 5.670637271430836661e-22 1.102794574732255465e-19 -7.059953538124810865e-21
-7.499999999999997780e-01 4.072443366478266692e-26 5.248689244117676366e-19 6.664171569343657609e-17 -5.318730233482343802e-18
-6.999999999999997335e-01 7.598996152665267877e-23 2.828579353746148112e-16 2.344588662370931811e-14 -2.331828697947729549e-15
-6.499999999999996891e-01 8.245105436693851358e-20 8.886746453955082556e-14 4.808492355566697306e-12 -5.956207728684724730e-13
-5.999999999999996447e-01 5.206980822313918245e-17 1.630400072969485705e-11 5.758194229041592529e-10 -8.877085227686236084e-11
-5.499999999999996003e-01 1.916211475033477365e-14 1.750532496184431649e-09 4.034952867468629561e-08 -7.734601011194762616e-09
-4.999999999999995559e-01 4.115595219323666536e-12 1.103181983943534196e-07 1.659330334248241498e-06 -3.949971008645356576e-07
-4.499999999999995115e-01 5.169183306756242858e-10 4.097230840507011461e-06 4.020924600279096714e-05 -1.186520781073939505e-05
-3.999999999999994671e-01 3.806907093948588945e-08 9.020185628805444571e-05 5.774677642077154661e-04 -2.106935376627487382e-04
-3.499999999999994227e-01 1.649970205844829708e-06 1.187209600492512319e-03 4.957357039604781170e-03 -2.227844723095935217e-03
-2.999999999999993783e-01 4.230400886759609717e-05 9.464082696549105250e-03 2.577429901930716749e-02 -1.418271300083125824e-02
-2.499999999999993339e-01 6.464969490605398852e-04 4.664291518786640306e-02 8.286737592797663310e-02 -5.530637597786772913e-02
-1.999999999999992895e-01 5.956347131979943324e-03 1.469094936932930362e-01 1.704404682557835726e-01 -1.358512050545514771e-01
-1.499999999999992450e-01 3.367895949226143437e-02 3.119131879332770474e-01 2.369370204091006960e-01 -2.200149600031019170e-01
-9.999999999999920064e-02 1.202656283736757287e-01 4.838729116380493522e-01 2.419291986392980709e-01 -2.524387400458584785e-01
-4.999999999999915623e-02 2.841003292488156751e-01 6.082683014327232573e-01 2.015259459523762176e-01 -2.266472908201771497e-01
8.881784197001252323e-16 4.771679813235250034e-01 6.843395730882262384e-01 1.505014021929140799e-01 -1.768765467444004535e-01
5.000000000000093259e-02 6.289252340338931102e-01 7.342909781802324787e-01 1.057028632626006437e-01 -1.288111571918382769e-01
1.000000000000009770e-01 7.224850322412923465e-01 7.715326663768264925e-01 6.966132497491889231e-02 -8.933401866123641399e-02
1.500000000000010214e-01 7.808147288887614668e-01 8.007266116090141495e-01 4.108562978511276498e-02 -5.794681585890321118e-02
2.000000000000010658e-01 8.227385536085050077e-01 8.238090676166105464e-01 1.846286747098474512e-02 -3.309196759526100706e-02
2.500000000000011102e-01 8.553049161593309080e-01 8.420709801751011803e-01 5.555392620197885378e-04 -1.341657189835293584e-02
3.000000000000011546e-01 8.810263063536363237e-01 8.565166930932071043e-01 -1.361801578894999976e-02 2.157456229746834708e-03
3.500000000000011990e-01 9.013754429449045702e-01 8.679407209383878108e-01 -2.483513316703656049e-02 1.448397825432751196e-02
4.000000000000012434e-01 9.174730492139857585e-01 8.769721507915506642e-01 -3.371131535528265610e-02 2.423909416802094707e-02
4.500000000000012879e-01 9.302043159582280563e-01 8.841090996720895046e-01 -4.073392319662411110e-02 3.195814654936751653e-02
5.000000000000013323e-01 9.402700847648677307e-01 8.897459814660685362e-01 -4.628885373416102844e-02 3.806502484544371789e-02
5.500000000000013767e-01 9.482252878300593268e-01 8.941950969144131234e-01 -5.068166398998197320e-02 4.289536883237005105e-02
6.000000000000014211e-01 9.545093258408696713e-01 8.977037287731818305e-01 -5.415429697818469057e-02 4.671494134071982329e-02
6.500000000000014655e-01 9.594701205236175756e-01 9.004676779272948739e-01 -5.689832552423956802e-02 4.973417595772716693e-02
7.000000000000015099e-01 9.633831596761401883e-01 9.026419814166961597e-01 -5.906543884963594282e-02 5.211969603901792092e-02
7.500000000000015543e-01 9.664665772090434981e-01 9.043493990734388088e-01 -6.077574595133211632e-02 5.400343557384060245e-02
8.000000000000015987e-01 9.688930936686503959e-01 9.056871333232570098e-01 -6.212435029815266407e-02 5.548986117463533541e-02
8.500000000000016431e-01 9.707994708589036126e-01 9.067321499896374704e-01 -6.318655573917447699e-02 5.666169051843247817e-02
9.000000000000016875e-01 9.722939981027047818e-01 9.075453913580967535e-01 -6.402198859248858787e-02 5.758442026422533333e-02
9.500000000000017319e-01 9.734624199362635899e-01 9.081751121213492706e-01 -6.467786155506832779e-02 5.830991130186924387e-02
1.000000000000000000e+00 9.743726297149875037e-01 9.086595208130479051e-01 -6.519155809826521208e-02 5.887922758694014158e-02
2.000000000000000000e+00 9.766366597612384792e-01 9.093775591447039730e-01 -6.668859640323987481e-02 6.062439810378830729e-02
3.000000000000000000e+00 9.752379470104495240e-01 9.080353631883091303e-01 -6.616902218899473054e-02 6.015411493013156363e-02
4.000000000000000000e+00 9.738074626740432782e-01 9.066763425091468598e-01 -6.563212147096930682e-02 5.966449891168804087e-02
5.000000000000000000e+00 9.723792765075343070e-01 9.053196683626223429e-01 -6.509665268579628572e-02 5.917615606231388381e-02
6.000000000000000000e+00 9.709537027511909724e-01 9.039655153234086304e-01 -6.456278779545482349e-02 5.868927604045157120e-02
7.000000000000000000e+00 9.695307388752893996e-01 9.026138797018348203e-01 -6.403052434499989509e-02 5.820385691402510386e-02
8.000000000000000000e+00 9.681103793897648524e-01 9.012647561474120828e-01 -6.349985825257264960e-02 5.771989496200732872e-02
9.000000000000000000e+00 9.666926187891635713e-01 8.999181393061599366e-01 -6.297078543094403180e-02 5.723738645561235461e-02
1.000000000000000000e+01 9.652774515802526878e-01 8.985740238361314969e-01 -6.244330180270851738e-02 5.675632767498978160e-02
2.000000000000000000e+01 9.512672163885521615e-01 8.852692779773116971e-01 -5.725498120667191215e-02 5.202466287742896212e-02
3.000000000000000000e+01 9.375103693708271013e-01 8.722088824555693787e-01 -5.222116789942193860e-02 4.743394550878582416e-02
4.000000000000000000e+01 9.240016187390693858e-01 8.593876919126037794e-01 -4.733794524732787279e-02 4.298060239561402041e-02
5.000000000000000000e+01 9.107357912817843903e-01 8.468006767021951653e-01 -4.260149117278919095e-02 3.866114663082359515e-02
6.000000000000000000e+01 8.977078296275797786e-01 8.344429202160716930e-01 -3.800807590980020967e-02 3.447217552599546320e-02
7.000000000000000000e+01 8.849127895726316417e-01 8.223096162722340896e-01 -3.355405981246342706e-02 3.041036861200308028e-02
8.000000000000000000e+01 8.723458374705301832e-01 8.103960665642739869e-01 -2.923589121520522860e-02 2.647248568680410363e-02
9.000000000000000000e+01 8.600022476830424534e-01 7.986976781702538331e-01 -2.505010434347632042e-02 2.265536490929187519e-02
1.000000000000000000e+02 8.478774000903648300e-01 7.872099611197543867e-01 -2.099331727374986745e-02 1.895592093812231704e-02
2.000000000000000000e+02 7.377140619248611086e-01 6.830009365011884270e-01 1.316748429323061353e-02 -1.219388495275658402e-02
3.000000000000000000e+02 6.450395331231404406e-01 5.955997250958431355e-01 3.759682751493462205e-02 -3.446665079818850286e-02
4.000000000000000000e+02 5.666421673612154208e-01 5.218900938329666950e-01 5.456508751055046125e-02 -4.993362184223587574e-02
5.000000000000000000e+02 4.999489285089229185e-01 4.593783224628569251e-01 6.584432692494997241e-02 -6.021142091313565203e-02
6.000000000000000000e+02 4.428936735133057745e-01 4.060645491515726402e-01 7.281527318886411859e-02 -6.655964763157390385e-02
7.000000000000000000e+02 3.938130267439858834e-01 3.603410882056529152e-01 7.655152429679193404e-02 -6.995770226839653771e-02
8.000000000000000000e+02 3.513640294638816775e-01 3.209120322567901584e-01 7.788581418723194982e-02 -7.116524185590629437e-02
9.000000000000000000e+02 3.144589772967483765e-01 2.867296534121521190e-01 7.746214521932617836e-02 -7.076974229095056579e-02
1.000000000000000000e+03 2.822138277308499088e-01 2.569440657167675335e-01 7.577678841049487191e-02 -6.922390406256624662e-02
1.100000000000000000e+03 2.539073238595497828e-01 2.308633586077351585e-01 7.321051613817727843e-02 -6.687505902186796636e-02
1.200000000000000000e+03 2.289485830996667581e-01 2.079220002998269645e-01 7.005393073813950822e-02 -6.398827828107866988e-02
1.300000000000000000e+03 2.068513747488465726e-01 1.876557746802813842e-01 6.652735733367064197e-02 -6.076452086361390503e-02
1.400000000000000000e+03 1.872136849065119679e-01 1.696818816785479467e-01 6.279645782361666095e-02 -5.735487861778107432e-02
