-2.000000000000000000e+00 -1.363597560290764343e-01 9.972262587559369007e-02
-1.899999999999999911e+00 1.430336065801216527e-01 9.972262587559369007e-02
-1.799999999999999822e+00 1.444735769496499232e-03 9.972262587559369007e-02
-1.699999999999999734e+00 -6.241705612447603913e-02 9.972262587559369007e-02
-1.599999999999999645e+00 -1.257156164035453105e-01 9.972262587559369007e-02
-1.499999999999999556e+00 -8.495984043130878904e-02 9.972262587559369007e-02
-1.399999999999999467e+00 -7.524341170048186311e-02 9.972262587559369007e-02
-1.299999999999999378e+00 -6.514006954314575937e-02 9.972262587559369007e-02
-1.199999999999999289e+00 -5.018097938040935735e-02 9.972262587559369007e-02
-1.099999999999999201e+00 -2.240295304177516433e-01 9.972262587559369007e-02
-1.000000000000000000e+00 8.179693893453569842e-02 9.972262587559369007e-02
-9.499999999999999556e-01 -1.805208897485283126e-01 9.972262587559369007e-02
-8.999999999999999112e-01 -7.259797074911784887e-02 9.972262587559369007e-02
-8.499999999999998668e-01 -2.323407542262265757e-01 9.972262587559369007e-02
-7.999999999999998224e-01 -1.329286714994416529e-01 9.972262587559369007e-02
-7.499999999999997780e-01 3.179574537203216922e-02 9.972262587559369007e-02
-6.999999999999997335e-01 -1.965057434659065461e-01 9.972262587559369007e-02
-6.499999999999996891e-01 3.938201120806170130e-02 9.972262587559369007e-02
-5.999999999999996447e-01 5.114223258673319950e-02 9.972262587559369007e-02
-5.499999999999996003e-01 1.698059121554366113e-01 9.972262587559369007e-02
-4.999999999999995559e-01 -7.233524910344697745e-02 9.972262587559369007e-02
-4.499999999999995115e-01 6.489781064428527813e-02 9.972262587559369007e-02
-3.999999999999994671e-01 1.061604546438024536e-02 9.972262587559369007e-02
-3.499999999999994227e-01 5.070776173570163553e-02 9.972262587559369007e-02
-2.999999999999993783e-01 1.038235620372279094e-01 9.972262587559369007e-02
-2.499999999999993339e-01 -1.042461781894888917e-01 9.972262587559369007e-02
-1.999999999999992895e-01 -2.272540459936378265e-01 9.972262587559369007e-02
-1.499999999999992450e-01 1.178234487153680815e-02 9.972262587559369007e-02
-9.999999999999920064e-02 -4.178419899795164649e-02 9.972262587559369007e-02
-4.999999999999915623e-02 9.659557481824554426e-02 9.972262587559369007e-02
8.881784197001252323e-16 -1.029730443700910270e-01 9.972262587559369007e-02
5.000000000000093259e-02 7.728614620367235677e-02 9.972262587559369007e-02
1.000000000000009770e-01 1.262454503310161957e-02 9.972262587559369007e-02
1.500000000000010214e-01 -2.244117489722563530e-02 9.972262587559369007e-02
2.000000000000010658e-01 -3.173691922828902889e-02 9.972262587559369007e-02
2.500000000000011102e-01 -4.597964117865205314e-02 9.972262587559369007e-02
3.000000000000011546e-01 -6.688835076939070312e-02 9.972262587559369007e-02
3.500000000000011990e-01 1.655086483242729223e-01 9.972262587559369007e-02
4.000000000000012434e-01 2.238506603173262555e-02 9.972262587559369007e-02
4.500000000000012879e-01 1.064267712978139713e-01 9.972262587559369007e-02
5.000000000000013323e-01 -1.050302154624321860e-01 9.972262587559369007e-02
5.500000000000013767e-01 -4.268452578840753464e-02 9.972262587559369007e-02
6.000000000000014211e-01 -1.282182313180871835e-01 9.972262587559369007e-02
6.500000000000014655e-01 -3.973716629536439005e-02 9.972262587559369007e-02
7.000000000000015099e-01 -3.296419770452085896e-02 9.972262587559369007e-02
7.500000000000015543e-01 -6.100899611343080231e-03 9.972262587559369007e-02
8.000000000000015987e-01 1.306572774544858540e-01 9.972262587559369007e-02
8.500000000000016431e-01 -3.736145918587396864e-02 9.972262587559369007e-02
9.000000000000016875e-01 2.783729812506741119e-03 9.972262587559369007e-02
9.500000000000017319e-01 -2.415139425394730033e-02 9.972262587559369007e-02
1.000000000000000000e+00 1.374382811498012780e-01 9.972262587559369007e-02
2.000000000000000000e+00 6.307878255332421968e-02 9.972262587559369007e-02
3.000000000000000000e+00 1.379404451336694315e-01 9.972262587559369007e-02
4.000000000000000000e+00 2.318933937301437265e-02 9.972262587559369007e-02
5.000000000000000000e+00 -8.515989855367744887e-02 9.972262587559369007e-02
6.000000000000000000e+00 -4.399597061947835286e-02 9.972262587559369007e-02
7.000000000000000000e+00 7.408273012692512260e-02 9.972262587559369007e-02
8.000000000000000000e+00 -8.387588143956348219e-03 9.972262587559369007e-02
9.000000000000000000e+00 -1.299996505004221703e-01 9.972262587559369007e-02
1.000000000000000000e+01 -2.942717499944313975e-02 9.972262587559369007e-02
2.000000000000000000e+01 -5.855535451384097367e-02 9.972262587559369007e-02
3.000000000000000000e+01 -5.093394867785072666e-02 9.972262587559369007e-02
4.000000000000000000e+01 1.545365194093291095e-01 9.972262587559369007e-02
5.000000000000000000e+01 2.106860108741881454e-02 9.972262587559369007e-02
6.000000000000000000e+01 -3.017756514972702586e-02 9.972262587559369007e-02
7.000000000000000000e+01 7.723149731961809206e-02 9.972262587559369007e-02
8.000000000000000000e+01 -1.135678703080484908e-01 9.972262587559369007e-02
9.000000000000000000e+01 -1.299453165103440222e-01 9.972262587559369007e-02
1.000000000000000000e+02 1.788463581750452391e-01 9.972262587559369007e-02
2.000000000000000000e+02 -3.770613098313879696e-02 9.972262587559369007e-02
3.000000000000000000e+02 -6.622255471151583528e-02 9.972262587559369007e-02
4.000000000000000000e+02 -4.846335642458232673e-02 9.972262587559369007e-02
5.000000000000000000e+02 3.453845411514955277e-02 9.972262587559369007e-02
6.000000000000000000e+02 -1.039467297063790818e-01 9.972262587559369007e-02
7.000000000000000000e+02 4.644391862262536863e-02 9.972262587559369007e-02
8.000000000000000000e+02 1.045213920302091037e-01 9.972262587559369007e-02
9.000000000000000000e+02 6.600584341601367644e-02 9.972262587559369007e-02
1.000000000000000000e+03 -8.270657064412700876e-02 9.972262587559369007e-02
1.100000000000000000e+03 -7.001721527685755841e-02 9.972262587559369007e-02
1.200000000000000000e+03 -5.933320513979889466e-02 9.972262587559369007e-02
1.300000000000000000e+03 1.819969895882358746e-01 9.972262587559369007e-02
1.400000000000000000e+03 9.514902569312422287e-03 9.972262587559369007e-02
