-2.000000000000000000e+00 -3.532595621378389200e-02 2.619519514284104206e-02
-1.899999999999999911e+00 2.419734654660699036e-02 2.619519514284104206e-02
-1.799999999999999822e+00 -2.903981703886033758e-02 2.619519514284104206e-02
-1.699999999999999734e+00 -2.433491993065204154e-02 2.619519514284104206e-02
-1.599999999999999645e+00 9.088178858668097271e-03 2.619519514284104206e-02
-1.499999999999999556e+00 3.006503837953162714e-02 2.619519514284104206e-02
-1.399999999999999467e+00 3.186470415442184401e-02 2.619519514284104206e-02
-1.299999999999999378e+00 -2.338360410533001955e-03 2.619519514284104206e-02
-1.199999999999999289e+00 -2.871315767857530316e-02 2.619519514284104206e-02
-1.099999999999999201e+00 1.949710711822267434e-02 2.619519514284104206e-02
-1.000000000000000000e+00 -5.124041396869637166e-02 2.619519514284104206e-02
-9.499999999999999556e-01 3.050970153975276350e-02 2.619519514284104206e-02
-8.999999999999999112e-01 -8.992103157969326410e-03 2.619519514284104206e-02
-8.499999999999998668e-01 2.690349927275993355e-02 2.619519514284104206e-02
-7.999999999999998224e-01 2.374099719767287092e-02 2.619519514284104206e-02
-7.499999999999997780e-01 -2.840423017558583313e-02 2.619519514284104206e-02
-6.999999999999997335e-01 3.775291822823986093e-03 2.619519514284104206e-02
-6.499999999999996891e-01 -3.957881825948586334e-03 2.619519514284104206e-02
-5.999999999999996447e-01 6.917032264423060746e-03 2.619519514284104206e-02
-5.499999999999996003e-01 -9.907977364874778065e-03 2.619519514284104206e-02
-4.999999999999995559e-01 -2.319193675303893309e-02 2.619519514284104206e-02
-4.499999999999995115e-01 -2.286507780786165706e-02 2.619519514284104206e-02
-3.999999999999994671e-01 -8.290414505419787042e-03 2.619519514284104206e-02
-3.499999999999994227e-01 -8.829679693648373115e-03 2.619519514284104206e-02
-2.999999999999993783e-01 3.729801852933695844e-02 2.619519514284104206e-02
-2.499999999999993339e-01 -2.289853765620908366e-03 2.619519514284104206e-02
-1.999999999999992895e-01 -2.180745501459910307e-02 2.619519514284104206e-02
-1.499999999999992450e-01 -5.210408506417463226e-03 2.619519514284104206e-02
-9.999999999999920064e-02 4.306566624598698323e-02 2.619519514284104206e-02
-4.999999999999915623e-02 2.021519605542929088e-02 2.619519514284104206e-02
8.881784197001252323e-16 -2.448145973572207756e-02 2.619519514284104206e-02
5.000000000000093259e-02 -7.476259012909612645e-02 2.619519514284104206e-02
1.000000000000009770e-01 1.791845843962067142e-03 2.619519514284104206e-02
1.500000000000010214e-01 -1.000381798204189737e-02 2.619519514284104206e-02
2.000000000000010658e-01 5.342747332476076305e-02 2.619519514284104206e-02
2.500000000000011102e-01 3.828283661472625665e-02 2.619519514284104206e-02
3.000000000000011546e-01 -8.526897728153844808e-03 2.619519514284104206e-02
3.500000000000011990e-01 -2.456691556823443340e-02 2.619519514284104206e-02
4.000000000000012434e-01 3.284552622276337708e-04 2.619519514284104206e-02
4.500000000000012879e-01 -3.611014999655588753e-02 2.619519514284104206e-02
5.000000000000013323e-01 -2.485773396048355371e-02 2.619519514284104206e-02
5.500000000000013767e-01 3.932929250323010523e-02 2.619519514284104206e-02
6.000000000000014211e-01 5.298680966690792055e-02 2.619519514284104206e-02
6.500000000000014655e-01 3.544851501809640620e-02 2.619519514284104206e-02
7.000000000000015099e-01 -2.017881462789926361e-02 2.619519514284104206e-02
7.500000000000015543e-01 -1.966044967489193052e-02 2.619519514284104206e-02
8.000000000000015987e-01 -1.276828090550283235e-02 2.619519514284104206e-02
8.500000000000016431e-01 1.296955030172071421e-02 2.619519514284104206e-02
9.000000000000016875e-01 -8.327264973017264871e-03 2.619519514284104206e-02
9.500000000000017319e-01 1.462348771129294567e-02 2.619519514284104206e-02
1.000000000000000000e+00 2.013154911243730805e-02 2.619519514284104206e-02
2.000000000000000000e+00 -4.643116632022853407e-03 2.619519514284104206e-02
3.000000000000000000e+00 1.088867123616217569e-02 2.619519514284104206e-02
4.000000000000000000e+00 -9.063954228481163611e-03 2.619519514284104206e-02
5.000000000000000000e+00 -8.104867982268072757e-02 2.619519514284104206e-02
6.000000000000000000e+00 1.225660694151062963e-02 2.619519514284104206e-02
7.000000000000000000e+00 4.504452224979358516e-02 2.619519514284104206e-02
8.000000000000000000e+00 -1.392780918202835005e-02 2.619519514284104206e-02
9.000000000000000000e+00 2.591883515503640156e-02 2.619519514284104206e-02
1.000000000000000000e+01 -3.306337463283327838e-03 2.619519514284104206e-02
2.000000000000000000e+01 -4.037460169105430707e-03 2.619519514284104206e-02
3.000000000000000000e+01 2.007761966444523288e-02 2.619519514284104206e-02
4.000000000000000000e+01 -4.237226937593652210e-03 2.619519514284104206e-02
5.000000000000000000e+01 -2.029246912021387406e-03 2.619519514284104206e-02
6.000000000000000000e+01 -3.081147118972266119e-02 2.619519514284104206e-02
7.000000000000000000e+01 -3.534444892278297556e-02 2.619519514284104206e-02
8.000000000000000000e+01 1.186562834338270034e-02 2.619519514284104206e-02
9.000000000000000000e+01 -2.555944425594695868e-03 2.619519514284104206e-02
1.000000000000000000e+02 -8.745746080601850270e-03 2.619519514284104206e-02
2.000000000000000000e+02 2.440882386774661725e-02 2.619519514284104206e-02
3.000000000000000000e+02 -1.471632200181573549e-02 2.619519514284104206e-02
4.000000000000000000e+02 2.211024427375132134e-02 2.619519514284104206e-02
5.000000000000000000e+02 -2.587995395827252798e-02 2.619519514284104206e-02
6.000000000000000000e+02 2.263500828098442830e-02 2.619519514284104206e-02
7.000000000000000000e+02 -1.893088006767101872e-03 2.619519514284104206e-02
8.000000000000000000e+02 -2.092349278736239243e-02 2.619519514284104206e-02
9.000000000000000000e+02 2.918724184118969001e-02 2.619519514284104206e-02
1.000000000000000000e+03 -1.106101273203238811e-02 2.619519514284104206e-02
1.100000000000000000e+03 -2.418933399583719779e-02 2.619519514284104206e-02
1.200000000000000000e+03 2.732149339193233606e-02 2.619519514284104206e-02
1.300000000000000000e+03 -1.624802981662226004e-02 2.619519514284104206e-02
1.400000000000000000e+03 1.449644412561569562e-02 2.619519514284104206e-02
