-2.000000000000000000e+00 2.144612956691998099e-02 9.227908562295028538e-02
-1.899999999999999911e+00 -6.434819165446435674e-02 9.227908562295028538e-02
-1.799999999999999822e+00 -1.906078309524998904e-01 9.227908562295028538e-02
-1.699999999999999734e+00 1.692176363478210543e-01 9.227908562295028538e-02
-1.599999999999999645e+00 -4.231047366692761158e-02 9.227908562295028538e-02
-1.499999999999999556e+00 -1.531155091767020526e-01 9.227908562295028538e-02
-1.399999999999999467e+00 7.753747997517647372e-02 9.227908562295028538e-02
-1.299999999999999378e+00 -2.603219582310914090e-02 9.227908562295028538e-02
-1.199999999999999289e+00 2.431456204410510288e-02 9.227908562295028538e-02
-1.099999999999999201e+00 1.140096558581848024e-01 9.227908562295028538e-02
-1.000000000000000000e+00 -8.980772018216107155e-02 9.227908562295028538e-02
-9.499999999999999556e-01 -1.389245705734280523e-01 9.227908562295028538e-02
-8.999999999999999112e-01 -1.565661072938208387e-02 9.227908562295028538e-02
-8.499999999999998668e-01 -6.870657919405533109e-02 9.227908562295028538e-02
-7.999999999999998224e-01 -6.797997740381951128e-03 9.227908562295028538e-02
-7.499999999999997780e-01 -4.886113631030248108e-03 9.227908562295028538e-02
-6.999999999999997335e-01 8.510726060364377787e-02 9.227908562295028538e-02
-6.499999999999996891e-01 -2.704317015403950863e-02 9.227908562295028538e-02
-5.999999999999996447e-01 -3.969289641520548639e-02 9.227908562295028538e-02
-5.499999999999996003e-01 1.371640257776704785e-01 9.227908562295028538e-02
-4.999999999999995559e-01 1.967252283451585426e-01 9.227908562295028538e-02
-4.499999999999995115e-01 -1.393539425278552402e-01 9.227908562295028538e-02
-3.999999999999994671e-01 -1.176595297749386815e-01 9.227908562295028538e-02
-3.499999999999994227e-01 7.648662532534272751e-02 9.227908562295028538e-02
-2.999999999999993783e-01 -5.504828154582340483e-02 9.227908562295028538e-02
-2.499999999999993339e-01 2.913488090234570005e-02 9.227908562295028538e-02
-1.999999999999992895e-01 4.560181007537775222e-02 9.227908562295028538e-02
-1.499999999999992450e-01 6.676026333611073671e-02 9.227908562295028538e-02
-9.999999999999920064e-02 -2.319328119317501380e-01 9.227908562295028538e-02
-4.999999999999915623e-02 1.740445388497861012e-01 9.227908562295028538e-02
8.881784197001252323e-16 8.602332435998505389e-03 9.227908562295028538e-02
5.000000000000093259e-02 -5.931826847230370348e-02 9.227908562295028538e-02
1.000000000000009770e-01 1.305156349557345941e-02 9.227908562295028538e-02
1.500000000000010214e-01 -1.730651725053788947e-02 9.227908562295028538e-02
2.000000000000010658e-01 2.234169144604691848e-02 9.227908562295028538e-02
2.500000000000011102e-01 -1.077007631992702441e-01 9.227908562295028538e-02
3.000000000000011546e-01 1.358321122952399485e-01 9.227908562295028538e-02
3.500000000000011990e-01 -4.015523075286275834e-02 9.227908562295028538e-02
4.000000000000012434e-01 1.198714610752450449e-01 9.227908562295028538e-02
4.500000000000012879e-01 2.690824721344287074e-02 9.227908562295028538e-02
5.000000000000013323e-01 8.627763973594670954e-02 9.227908562295028538e-02
5.500000000000013767e-01 -9.695075484828241663e-02 9.227908562295028538e-02
6.000000000000014211e-01 -1.155757410368188909e-01 9.227908562295028538e-02
6.500000000000014655e-01 7.949234051608811136e-02 9.227908562295028538e-02
7.000000000000015099e-01 8.115344520504175208e-02 9.227908562295028538e-02
7.500000000000015543e-01 -4.556401084408379099e-02 9.227908562295028538e-02
8.000000000000015987e-01 -6.353508613537517391e-02 9.227908562295028538e-02
8.500000000000016431e-01 -1.177992765812263531e-02 9.227908562295028538e-02
9.000000000000016875e-01 4.166901053640559294e-02 9.227908562295028538e-02
9.500000000000017319e-01 1.456040088134454846e-01 9.227908562295028538e-02
1.000000000000000000e+00 -3.724854213343009590e-02 9.227908562295028538e-02
2.000000000000000000e+00 8.007126667937991549e-02 9.227908562295028538e-02
3.000000000000000000e+00 -9.035706929911591079e-02 9.227908562295028538e-02
4.000000000000000000e+00 3.483584717190624236e-02 9.227908562295028538e-02
5.000000000000000000e+00 3.273964270987139713e-02 9.227908562295028538e-02
6.000000000000000000e+00 1.948466362043970168e-01 9.227908562295028538e-02
7.000000000000000000e+00 8.466073555263664563e-02 9.227908562295028538e-02
8.000000000000000000e+00 -1.114091510736702206e-01 9.227908562295028538e-02
9.000000000000000000e+00 3.304610923177764281e-02 9.227908562295028538e-02
1.000000000000000000e+01 -1.861799536704056290e-01 9.227908562295028538e-02
2.000000000000000000e+01 -2.506977094258872052e-01 9.227908562295028538e-02
3.000000000000000000e+01 -4.734598158557568048e-02 9.227908562295028538e-02
4.000000000000000000e+01 -1.944162175368915335e-01 9.227908562295028538e-02
5.000000000000000000e+01 2.732682662733332268e-02 9.227908562295028538e-02
6.000000000000000000e+01 -1.108625526989993615e-01 9.227908562295028538e-02
7.000000000000000000e+01 6.219882688905931101e-02 9.227908562295028538e-02
8.000000000000000000e+01 7.241963876623647156e-02 9.227908562295028538e-02
9.000000000000000000e+01 5.883203881008192138e-02 9.227908562295028538e-02
1.000000000000000000e+02 9.435795162460258734e-02 9.227908562295028538e-02
2.000000000000000000e+02 3.162663406537047361e-02 9.227908562295028538e-02
3.000000000000000000e+02 9.219831897943064902e-04 9.227908562295028538e-02
4.000000000000000000e+02 2.167509123811584004e-03 9.227908562295028538e-02
5.000000000000000000e+02 2.985108132448344165e-02 9.227908562295028538e-02
6.000000000000000000e+02 -1.079978012313259628e-02 9.227908562295028538e-02
7.000000000000000000e+02 -9.060160163563923952e-03 9.227908562295028538e-02
8.000000000000000000e+02 -6.156295734849454027e-02 9.227908562295028538e-02
9.000000000000000000e+02 1.767517475516635628e-01 9.227908562295028538e-02
1.000000000000000000e+03 3.391127446251773758e-02 9.227908562295028538e-02
1.100000000000000000e+03 -9.092418080120609480e-02 9.227908562295028538e-02
1.200000000000000000e+03 1.282485982831400861e-01 9.227908562295028538e-02
1.300000000000000000e+03 -7.545119032266506265e-02 9.227908562295028538e-02
1.400000000000000000e+03 -2.072836043420841767e-01 9.227908562295028538e-02
